Eigvals	3
34.61675555938811	25.529072195176607	4.710045625376848

Proportion explained	3
0.6400467670947554	0.3481040278909394	0.011849205014305302

Species	411	3
G000006865	0.19133189792562452	-0.004052815147428527	0.05669617621881921
G000006925	-0.1346254023011801	0.17437905055098718	-0.009051206364641188
G000007525	-0.10006637955822474	-0.024484744810254963	-0.0557725710797933
G000007785	0.08444053822951851	-0.08692934832467071	0.07105574369434345
G000008865	-0.13845816938228964	0.17132016948375442	-0.010242673359907363
G000009925	0.023480478835859922	0.0006686296876797362	-0.1001943667294569
G000010425	-0.10103091310780747	-0.02979336869284314	-0.030748612437072394
G000011065	0.0518995243871254	-0.011859265564751231	-0.08768238164989756
G000012005	-0.1284443235768685	0.18261550805800442	-0.0052599892035800275
G000012825	0.042234834930326356	0.005129194137148009	-0.16827986660820343
G000012845	0.02398619576384411	-0.03283190371249337	-0.11282603166350444
G000013285	0.04010685387391667	0.2104333618158817	0.02934223608398807
G000020605	-0.04567794269137551	-0.015378239349055441	0.030513900403325966
G000022965	-0.04802703780636686	-0.026092059935085534	0.03700226476573854
G000025565	0.05433791335885515	0.1783690412475293	0.0049797171385504435
G000026345	-0.12945346610483194	0.17526113453974854	-0.010719037308578639
G000144625	-0.0028372729558403744	-0.02912472736230077	0.014326117180647491
G000146675	0.01818997346320427	-0.011787070316656842	0.039539398463267164
G000153905	-0.0028247732385279258	-0.020877758042519772	0.027064642721141455
G000153925	0.005391830761598987	-0.011006843475984282	0.0458601160885134
G000154205	-0.0455360118702094	0.00041974761266296506	-0.18805280531147534
G000154245	-0.011438363727637329	-0.01794232633437708	0.0277866809349582
G000154285	-0.012640554517482552	-0.008311721561821491	0.031680746640134254
G000154425	-0.04246334524214857	-0.01989365901119959	0.04497593212527024
G000154465	0.009260385821912505	-0.011944926094438054	-0.05823156916248521
G000154525	0.035870322054079785	-0.024188921475511327	-0.16291763222910044
G000154565	0.015795576094785525	-0.03355889816073558	-0.06471841143629045
G000154845	0.12440906554930754	0.0187344336480849	-0.12318668425027801
G000155205	0.044833636244620216	0.009670460686877016	0.04578847407848627
G000155435	-0.011099248387184495	-0.016291845735604125	0.012125127483211812
G000155875	0.011981605970848415	-0.0037239296989700263	0.04036811559316246
G000156035	0.002170650763730979	-0.003656428767060361	-0.026572534569561365
G000156175	0.006417183017739633	-0.024124852920546527	-0.0266610295398395
G000156215	-0.0003309862655089426	-0.023635295372771883	-0.04278761032349289
G000156535	-0.06611077899618106	-0.034774667123785685	0.016746457354409428
G000156655	-0.05342224345246029	-0.06993593151787944	0.08034185726294407
G000156675	-0.05799298637563208	-0.02193760346671531	-0.025672529812260963
G000157915	0.035867278724523964	0.0025011085599865304	-0.0950394136999287
G000157935	0.0029794637437226008	0.06381852220431214	-0.03418294584022551
G000157955	-0.020943806540930227	-0.025117033364480994	0.019705835194866985
G000157975	-0.0130824619591026	-0.021979076515779176	0.042928644946796345
G000157995	-0.01285607675841115	-0.016772709995690718	0.004378364609960716
G000158195	0.20074127629904007	0.09912354465433527	-0.05064882743538416
G000158315	0.12599200214971576	0.10298756752565993	0.014994038809952004
G000158655	-0.03184728987162346	-0.05580884275308655	0.014180236675496014
G000159055	-0.060198954467988425	-0.0337571802984372	-0.031749818309144265
G000159075	-0.025528472229498847	-0.01881572067318051	-0.08981764007170066
G000159995	0.014152150187070412	-0.010335241691462809	0.00925195376310051
G000160035	-0.017434480438131374	-0.022544156393897334	0.052149910176417506
G000160095	0.017110496228384998	-0.002095760747810962	-0.002300751090988629
G000160135	-0.017614268726385784	-0.02142033491408746	0.051375550636303925
G000162015	-0.06586330489871317	-0.032017872106196096	-0.03148018091830126
G000163515	-0.011545117015250888	-0.03821612380137805	0.038204128353814495
G000165905	-0.05233873369328965	-0.015708072005624612	-0.03378870466016699
G000169035	-0.04488067161810674	-0.0167983249009956	-0.03117938248811152
G000169235	-0.025501911707296814	-0.016293212950557957	0.021635824881920777
G000169255	-0.02882150970492973	-0.04773983178661823	0.01583028776223693
G000174195	-0.007258100024521664	-0.02693942918147366	0.005254474176836176
G000174395	-0.07721648128201271	-0.013066387120322497	0.04374425473436143
G000177015	-0.017586487483909407	-0.026094811556738283	-0.037706242656667256
G000177075	0.027643464251371114	-0.00908844113591577	-0.010395435021793062
G000183345	-0.12947431034667847	0.16973931548769827	-0.008348328759059366
G000185385	0.015806187283527135	-0.0277193931644304	0.03904285987388386
G000185845	0.019211695414433454	-0.0010255594921283935	0.03643032100225404
G000187895	0.04136006573873813	0.026805532181284307	-0.1800632372073535
G000188175	0.04053050817156184	0.008102964744941306	0.008986111612286673
G000188195	0.0769858962080134	0.04043369264623895	0.10045414421583296
G000189595	-0.023233220614124892	-0.02915102233826507	0.011817922961950673
G000190535	0.051851221129062354	-0.012285360186499138	-0.02240584884354191
G000190575	0.03261784020023341	0.010128743035733702	-0.040975491518014585
G000195315	-0.005016131113700198	-0.01979176211528108	0.03745424484974894
G000195635	-1.433848270443829e-06	-0.00700200566023602	-0.06525464150631413
G000205165	0.0020282600014594233	0.020404437261628803	-0.08884502995597902
G000209385	0.03554233200605962	0.009115517519282862	0.04718244154663721
G000210055	-0.03911908034310383	-0.0105749878932655	-0.0034583400695835913
G000210555	0.020560020159769692	0.013201439608604234	0.04228016323100031
G000210575	-0.036866475452374516	-0.024366461840075224	-0.06758536083527536
G000210615	-0.0165029354665908	-0.014798490020838061	0.04252109200760963
G000215745	-0.004744928486908203	0.17706709889513308	0.05502173918072985
G000225345	-0.024539427172516694	-0.025302313292116903	0.02169710647831654
G000225705	0.005671510115612154	-0.026431597774376172	-0.010677114845256283
G000230275	0.008978046255034138	-0.014715764096305983	0.038777906435920065
G000233455	0.006752326350343483	-0.010465474126114377	-0.011799070828903965
G000233535	-0.025222881645258568	-0.025679467147595534	0.03378111115853596
G000235505	0.016612426382319582	-0.006023103124960546	0.049099955532927286
G000235885	0.023701991001419932	-0.001559618306266775	-0.08120183350494664
G000236865	-0.03560126418323803	-0.012569181867075516	-0.016319484299508715
G000239695	0.023981840304806407	-0.03644519669269701	0.04061916657826731
G000240185	-0.08474746019168321	0.11358675315668734	8.170906593384583e-05
G000243215	0.06548041560689422	-0.002566261936935987	-0.0013418103939171295
G000245775	0.08774121335924982	0.006730626395439099	0.024579692600494023
G000262545	0.03704215772748675	-0.0020224743301741712	-0.0028802308914651535
G000265365	0.03772747143379789	-0.013016872607728663	-0.047274833490103634
G000277715	-0.016443734401846315	-0.02899675354573138	0.04989720775396676
G000296465	-0.05185581125880589	-0.008613873080265925	-0.07095220005699131
G000299455	-0.12794648381856186	0.19230541009911958	-0.02468300171684102
G000307375	0.02187363111641643	0.0026781453788345816	-0.1059719696812707
G000311845	-0.007611499552665772	-0.028559996279229068	0.024291833503252272
G000311925	0.002426826123297933	-0.029781017072572257	-0.002726572976711814
G000312145	-0.09514538183490909	-0.03627756581779109	-0.008675797088371148
G000315485	0.028082876835569922	-0.011239685052460287	-0.07825752781191068
G000318135	0.03785268831824548	-0.006008301500661996	0.06446917668013975
G000321165	-0.0035041847617332113	-0.021307044190853996	-0.006721957739253056
G000327285	-0.010152567136917668	-0.03112290441561025	0.023826673421493295
G000347695	-0.06244081938825599	-0.014837306767800042	0.023049425800941725
G000349975	0.030589624155996815	-0.018766945288089826	0.02789030238869019
G000371705	-0.017936929289634935	-0.01542294385233294	-0.010222063126745794
G000372405	0.0216378830472605	-0.0040229946072153295	-0.015223866617359806
G000373885	-0.13074393426644093	-0.015396167339571592	-0.024632708395248015
G000374405	0.021453426225768613	-0.005142486501579934	-0.013928424292968646
G000374585	0.04492751951953123	0.013660353472000293	-0.0466489301717767
G000378745	0.021127784677490186	-0.0012314924728820688	0.006614768871173188
G000381365	0.08348152674077967	-0.025566106580983825	-0.11224616733470989
G000398925	-0.013272823606635271	-0.005690184006541662	-0.07668791609228684
G000403295	0.024051225320076124	-0.006280287296131485	0.020620697984379068
G000425005	0.026345081643858785	0.004046877543273618	0.037178203293755235
G000426585	0.017573450374562784	-0.010468004545698774	0.011691273942289726
G000427365	0.02326334599195764	-0.007121893635326768	-0.018915687810945905
G000428565	0.03059004251317772	1.8831442550800215e-05	-0.08857880701867608
G000430525	0.02105247920574814	-0.002882098271839281	-0.015094180777788138
G000431495	-0.05999970153472048	-0.024491297508440802	0.081438372836131
G000431935	0.04586684124231345	-0.023477665286657342	0.037678347979161586
G000433375	0.0805274213006124	-0.028094241715964877	-0.10055411699987889
G000433575	0.05171299539515586	-0.007727055521516287	-0.006995864429457509
G000433955	-0.0030198214080547395	0.02949760082118655	-0.10969236743837964
G000434095	0.019246148279444413	-0.016618135257607535	0.0008302453448204882
G000434535	-0.015993824346779945	-0.02002009783335179	0.019334841993322183
G000434735	0.06143007172572798	0.001538441967540944	0.021397659752743315
G000434855	-0.0023096520890693094	0.05367599244300943	-0.022915444580650656
G000435075	0.026273745897298476	-0.026763386665084387	0.054616568486956875
G000435635	0.011332800747052485	0.00169843741236734	0.03848396814568524
G000435735	-0.01471807275172944	0.029258578418543745	0.021722895525761312
G000436035	-0.023598414699445177	0.05620944921090192	0.02647839524345634
G000436055	0.05049180291262014	0.02532832174051041	-0.028465337958289514
G000436135	0.03917120800857897	-0.010316544529951812	-0.14676847678713936
G000436435	-0.031370968534036425	-0.014212964783396877	-0.10632964264634619
G000436695	0.05001964686166508	0.0290167268045595	0.04572626786512064
G000436795	0.07741845621090565	-0.01748920699583718	-0.029075964452589784
G000436855	0.053071753577678765	-0.00013683054719693807	-0.09158860372621647
G000436895	-0.008284289876920743	0.02943671917877795	-0.12276763775904982
G000437995	0.0784753954395053	-0.040807157637169876	-0.0382531402937516
G000438035	0.04231048558056116	0.005798198110227766	-0.16096698181488533
G000438395	0.15538720645412324	0.04683026571295004	-0.1394478879043609
G000450985	-0.013658512522027398	-0.01631751386570854	-0.060645344754364554
G000455445	0.013320525476618932	-0.002784885213940555	0.0017501731066076663
G000466465	-0.0207586794625539	-0.010947823028028924	0.035639721244660354
G000466565	0.02628133969539253	0.0058800324579983895	0.03568086820447176
G000469445	-0.03206467154149782	-0.05888898721069935	0.0020153047374863995
G000499785	0.02511807389589724	-0.003525520930373632	-0.018544743518546958
G000511775	0.0449240566078094	-0.016335166826235873	-0.004520971217250376
G000512915	-0.0019962639531378415	0.0045210180067894795	-0.03986918434074044
G000517545	0.051194785542930075	-0.012907156744414056	-0.003981217800349449
G000519105	0.035625681198375975	-0.001471805126841685	-0.040109494996623286
G000524335	-0.04807144388514359	-0.006350968293260497	0.0462624893962808
G000526735	0.06192699141394239	0.027275397928691842	-0.10818704636029579
G000565075	-0.022750406935347977	-0.007841098179865115	0.03917251494280216
G000598465	0.03222344169595713	-0.02127148544908749	-0.01625912164414339
G000598965	0.03289148652725342	-0.02198943626359492	-0.02296242228121696
G000599385	0.026583021609583413	-0.00444471381915154	-0.08464446599086123
G000613345	0.01859519136303327	-0.0032299434690093603	-0.0015239797497918017
G000613805	0.07348194416043603	0.010384397979116696	0.01750668217119633
G000614145	0.04922741377390626	-0.008116541237026247	-0.059483637011931045
G000686565	0.04414606136652855	-0.021115214679650152	-0.06282123994861702
G000688375	0.03459287975602965	-0.034743394797818225	0.0260764785900704
G000694955	0.1402260024680678	0.2062606797467055	-0.03018227860478497
G000702025	-0.03200160672396676	-0.016718870104677038	0.043651174854189144
G000741135	-0.049937478047257275	-0.015735346963998163	0.02830289064897237
G000741165	-0.06284153308275472	-0.015620103739036413	-0.045266598081706744
G000741175	-0.08327460884858463	0.03200804455608753	-0.11170021106511022
G000741215	-0.032188486385894576	-0.015724010665394403	-0.014132415344364182
G000741285	-0.02973751895748954	-0.008882951527312508	0.045392027885541086
G000741575	-0.040293528418238696	-0.016737852008946622	0.016126941153848627
G000741645	-0.018960753177410822	-0.02676708767717488	0.05173461317124214
G000741695	-0.12864917852034544	-0.013191829691933755	-0.1630668144467777
G000741715	-0.11017160933649749	-0.014011471950193114	-0.04412748046245689
G000741765	-0.031882950435594214	-0.01642251015087198	0.04741101118039552
G000741775	-0.02538309089936454	-0.027610891260447856	0.04173919653849741
G000741785	-0.09788373362222762	-0.006050158472704971	-0.08922979042353038
G000752675	-0.048245972524612074	-0.021215020233403176	0.02490890201988705
G000758925	0.022824950982593403	-0.004613107791455237	-0.014693274091510682
G000762865	0.00949909942906924	-0.004033610849145671	0.012254061263887374
G000763135	0.02854579640280884	-0.05246937192090586	-0.05887079522888763
G000765235	-0.020142750322403816	-0.02596421344329778	0.006561189513233971
G000767175	0.00871495026357891	0.025458618720316295	0.013710333834659532
G000768955	0.005831009419538002	-0.005403196528707791	0.02879101912923391
G000775615	0.12331037668673525	0.022903446486798783	0.07850654612849124
G000800475	-0.04318616946349407	-0.013925086896639662	0.033525097214173766
G000803105	0.032489472605301425	0.0018314366359166638	-0.012610524851593063
G000814825	-0.011896717692041472	-0.02184552400368489	0.015250219030470866
G000821265	-0.004363428620302643	-0.029374647140293444	0.004628924514174704
G000832075	0.06123816217999056	0.029751623399708018	0.015481876920510776
G000944855	-0.1332340586031421	0.19309665584912933	-0.016772329500686068
G000969835	0.0339632512808493	-0.012404730606544597	0.008529639477557019
G000980235	-0.004720451573281792	-0.020004716096404824	0.017625684770472213
G000980375	0.02455116680995909	0.012850241990465163	0.04736700285779809
G000981035	-0.021226841490144237	-0.02507693304999479	0.0504858813634778
G000982825	0.031568384778698534	0.23268472822735822	0.06047786220514298
G001022135	0.07141886367072099	0.23056403570129222	0.051642311789818374
G001022195	0.01928739384186184	0.1872676584186314	0.03543322901717714
G001025155	-0.0627893697089961	-0.013677125897589099	-0.015316232247897469
G001025175	-0.09493117640686655	-0.019231634523124815	-0.03616446324979419
G001042595	-0.053286325870586605	-0.020598325379322123	0.013091807409981036
G001042635	-0.05468468478552787	-0.015833270482938675	-0.03907177458805006
G001244495	-0.038476794699396494	-0.07134601291847133	-0.008858148848841532
G001244995	-0.026539339535722573	-0.06673639264036038	0.044672318966185884
G001263395	-0.060893763577338195	-0.013912626587256933	0.052411164254481904
G001267865	-0.04645166948996168	0.010022704900196787	0.04345215924088015
G001275135	0.04497660368396795	-0.005204078209651106	-0.050972852608445585
G001304875	-0.02066407535092274	-0.025258973257531455	0.048208312738068616
G001305115	-0.04151715651911616	-0.03174618847484066	0.030731477669307453
G001305135	-0.0024653751307285956	0.0026606870588318315	0.008711470951604561
G001312505	0.013044279165722214	0.0016393727101541922	0.025705111236505845
G001314975	0.06304466564784512	-0.038358777913476624	-0.06510819726221173
G001314995	-0.030442296141679107	-0.012246448105417834	-0.10243703267507162
G001318345	0.03199311666252394	-0.006869501363196144	-0.04219532601051213
G001398415	-0.03754656121688231	0.07808811791921398	0.051036726958355726
G001403595	0.05355508865837751	-0.012020456908812925	0.009597589490435387
G001404335	-0.0019265622544652576	-0.01937639143874084	0.03845130009893012
G001404455	0.013448829347035375	-0.008100303520007481	0.030952028660935132
G001404695	-0.06799405048638645	-0.027072907568197375	-0.02716146828272066
G001405375	-0.007539370882282224	-0.03213048248698591	-0.006817154656965142
G001405615	0.0028148713624985035	-0.0131663806380202	0.0259124546980573
G001406335	-0.020795020068608488	-0.0215664322596158	0.032955728616356345
G001417815	-0.11167230617156212	-0.0069806559266683945	-0.145550135792098
G001454945	-0.0221717961876468	-0.07081067700301676	0.01284532809219076
G001481375	-0.03255270472390563	-0.034098507155089317	0.011660067574561351
G001486665	-0.03713559090922333	-0.05512643364490233	0.022900711650188747
G001487125	0.015442172315713874	-0.005273204087752472	0.04603391478701827
G001494635	-0.05775782770864141	-0.024697416438270153	0.04068102345264547
G001552785	-0.023753688016202798	-0.007940203069243739	0.03914221086928714
G001688625	-0.034089164663653276	-0.07585090352587609	-0.14884988964771637
G001689655	-0.014965635827406355	0.002619494918611617	0.017281894391477117
G001693775	-0.017630309791682217	-0.022870054980887972	0.052167171960665226
G001701255	0.04494043597244607	0.019767259689673647	0.010529374714803266
G001899425	-0.0441990050444895	-0.06739773498014932	0.04640218435621041
G001915415	-0.0005401614876984827	-0.004614240801155755	-0.00821016316305807
G001915435	0.035307726485829326	-0.020981704051345286	-0.02786408912052873
G001915455	0.00042262816485576866	-0.0004305071314064909	-0.08936553591313826
G001915495	0.058993450134203596	0.0016129811593713697	-0.06766576348203773
G001915575	-0.032129840931691904	0.001734252456664844	-0.010238624326471376
G001915655	-0.005118922318683317	0.01478605889367372	-0.012422831791979826
G001916865	0.04286016623057463	0.023149462012758082	0.045131219120721294
G001940855	0.05335439519770007	-0.045154503389214874	0.04494198077787128
G001941055	0.006613457627336839	-0.037219270288560584	0.04346597631721596
G002159555	-0.028089791970438666	0.029622678163682185	0.009811507041341726
G002159625	-0.051684677383870656	-0.014056786116926722	-0.02521240094456247
G002159645	0.019228356400961308	0.0158526659087787	0.004288409616518336
G002159835	-0.047602537641115765	-0.042962304341456134	0.037487438212603405
G002160015	-0.03371560599208326	-0.0265709385461706	0.05193238995100922
G002160025	-0.03686137004814627	-0.04847056635392202	0.023899698701363877
G002160065	-0.007957915454356979	-0.021592366738188776	0.01029799159304185
G002160525	0.02187100251047692	0.00594988304508314	0.05285042763586109
G002160755	-0.029267290200109815	-0.02109714490228665	0.025796275248629957
G002160895	-0.055038115095637274	-0.01478417416562557	-0.015496829007150664
G002160955	-0.01792842627384668	-0.033236769375330086	0.03669561439517084
G002161065	-0.011663354604340603	-0.008912574393323719	0.03814983915393084
G002161285	-0.02271867213877892	-0.0068945813421474895	0.040220037062961345
G002251205	0.004703409465584511	-0.006626752831824663	0.010126247021367664
G002251365	0.005942658871643187	-0.008783492466452658	0.00948725588519833
G002251435	0.04394430879627257	0.007628634172100129	0.01949926136528735
G002259605	-0.03791686401111342	-0.02400296725936333	0.03835842611365712
G002259685	-0.02567133986488421	-0.01418201668518648	-0.029733282085290153
G003014445	-0.0011277070611809253	-0.019022281857157913	0.033353096439776624
G003148945	-0.010157480216989244	-0.01557173906349247	0.024711652235283505
G003324125	-0.06854335978585113	-0.03446399980648164	-0.0038243089803301346
G003340315	-0.05402277824360546	-0.02202384836379342	0.05148311966809166
G003432035	0.006280109883759668	0.008840674226417456	0.04081937438767857
G003438075	0.013271664409565858	-0.011128828182283591	0.04276834898593384
G003438995	0.06054723495384721	0.01043769642615606	0.0005252205539901556
G003439775	0.04936932346713136	-0.009430382971657634	0.057420179450897606
G003457795	0.052296700577510895	0.004373654872347464	0.04509976493310266
G003458885	0.012563199988839542	-0.01692251527283355	0.043770608323806824
G003461285	-0.013243462609184568	-0.010208573865617696	0.04427234476059059
G003467845	-0.0020543258085477735	-0.010685100968550966	0.0044604082834344885
G003478165	-0.024941153456639963	-0.004933372143819124	-0.0021339249788914078
G003478285	-0.0011601938733914847	-0.006881382374235516	0.013206104818711397
G003478355	-0.0025618319876474734	-0.01858242437945874	-0.038108476137023256
G003479825	0.012271307953604788	-0.012646038607306963	-0.08328971114002919
G003479885	0.0012007517335110738	0.001509810386586396	0.0461160951082142
G003481355	0.0208626796840032	-0.0059145875291377326	0.05046900974869426
G003481825	0.03406910328579397	0.006254790354834909	0.034118125300096135
G003481995	-0.016712453699511978	-0.019686055748446955	0.03031123452696787
G003490145	-0.009883867257922155	-0.0019028221687550232	0.023079535965684635
G003611805	-0.017809585882309395	-0.023071708559079626	0.045755081860114316
G003612315	-0.017951079809012376	-0.026663605168752956	0.04831205735152614
G003762615	0.012495126760096216	0.012201622481323178	0.03169977802780554
G003762715	0.027976576187479278	-0.01394695951420128	0.039221468962648075
G003762745	0.018418538329583397	-0.0017126966969949879	0.003069270585953335
G003762875	0.031942979117680737	0.02021472473446567	0.03597043705993954
G004102775	0.014116208902410249	-0.010441691714150327	0.018362914332378983
G004102785	0.02882199474883391	-0.0022002488011086487	-0.0297350396986276
G004102805	0.015800436729225563	-0.006565812466679088	0.008399924329079907
G004115465	-0.011458151610494485	-0.008802876984306077	-0.010544096147180998
G004552135	0.030135150634532103	0.009564005491519553	0.044638688278016966
G004552795	0.01865330771979791	-0.00446045944630261	0.03578999428436943
G004553245	0.03753671076282494	0.007330601649240413	0.015107914247976029
G004553635	-0.04997933459073171	0.10384042169235036	-0.013815033194488919
G004555055	0.021037227383952126	0.022519051427228116	0.027236452378269414
G004556245	0.04016237745822712	-0.013211355887170205	0.07617509361657043
G004556705	0.004377922081949265	-0.022001098054725037	0.028095544287956988
G004557415	0.016949378525287814	-0.0033551333911864883	-0.007814949873105721
G004557655	-0.08207015833823991	0.003208622234475185	0.036034757083030035
G004558425	-0.005285837596122381	-0.05691171722141341	0.007742432826650292
G004558535	0.006507271357218114	-0.01665710230794546	0.046581972574522734
G004561075	0.020199428679022927	-0.0023068535570091755	0.05365741375989876
G004561455	-0.00851595707249509	0.000551489997314933	0.03779343858550695
G004562975	-0.0061726962539035155	-0.021121419368558846	0.016533123803077004
G004563195	0.0031239584038237574	-0.010916628197485234	0.03456554872118354
G004563615	0.008608157551838974	-0.040185858006890084	0.01387574311966405
G004792655	0.021176139944443242	-0.002230702011926305	-0.02469463849080613
G004793665	-0.028361973600935095	-0.012978844822657236	0.026481176420234377
G004803695	-0.011404850506403351	-0.005238943283498163	-0.010432642434422412
G004803915	0.07915075111573483	0.018935729226379185	0.028706703983536263
G005048345	-0.008650355161170615	-0.029607631862726944	0.039290478165620396
G007559425	0.02455251143840183	-0.029380046721303645	-0.028197563403015692
G007896885	0.01724500690588519	-0.006341000436227716	0.033639214174865394
G007998125	-0.109621832057976	0.18660433359675305	-0.020890048177080647
G008667375	-0.003194254611379398	0.010146247498115359	-0.013520214806030348
G008679325	0.034295218015611875	0.011627878355721098	0.005629708736786731
G008698165	-0.05580913975539666	0.0006095478983737137	-0.10164584970933326
G009695875	-0.03324377193498618	-0.026223342599229225	0.049756187474433604
G009696045	0.0036637495749805814	0.0004806848228245026	0.0008377500383352173
G009696565	0.03191121769672537	-0.007883165805376917	0.01981025461365726
G009774765	0.054853083658845836	-0.04956058411448871	0.09150904938778084
G009774865	0.021546564972420985	-4.311630092805444e-05	-0.037133106722268557
G009831105	-0.02374622625696721	0.016636090827046722	0.026943426530398468
G009929575	0.020677211859501873	-0.0051704596668278435	-0.011234703417878631
G009937725	0.0020726954676353365	0.17311683284631893	0.06861371197048008
G010500965	0.03792271219914075	0.007765786447992032	0.05071682437757951
G010537155	-0.010438690394127148	-0.005691963600292069	0.016618946047503313
G010592515	0.06662768538070402	0.26775373351624704	0.007303377082963918
G010667615	-0.048680702563350484	-0.01804149408806116	0.019829698156454974
G011959405	0.03173530159556625	-0.005080648278867178	0.0036636834372735607
G011960185	0.029600967867440226	-0.0016101520622007856	-0.012784848158166941
G012357415	-0.13572743892084405	0.15638731924425167	-0.0061774682689423035
G012932365	-0.07847095789693019	-0.018329389651127622	-0.05720494849640117
G900021155	0.019091774659268465	-0.006504702214104354	-0.0112417434106107
G900046475	-0.0028727439124653724	-0.01698819404549543	-0.015587550925773155
G900066095	0.0002856335278064298	-0.010507950946020226	0.035800178239915985
G900066135	0.015272127796650312	-0.011797300818816586	0.013206941846181689
G900066445	0.0628374685733007	0.01413231662286519	-0.03551470250571901
G900066505	-0.006482420006628975	-0.00259251901140654	0.014509334769154631
G900066525	-0.029519978234359326	-0.04054185224435	-0.01430776183934042
G900066545	0.039345941440867324	0.00458050017854019	0.0324493972897982
G900066655	0.03872508511216024	0.005381345311126446	-0.07225049272054142
G900066885	-0.05678469519732315	-0.034552399096228835	0.05368357090788722
G900079775	0.03626966140635036	0.0033909812759710953	-0.05804336926155812
G900086585	-0.00231914252119051	-0.01271765466285968	-0.04100054853447046
G900091655	0.019539253182674625	-0.015204466922279792	-0.03349472623493913
G900101655	-0.047199440128580135	-0.03899125435092178	0.03615468191987451
G900104585	0.04263975217507556	-0.006007173763376137	0.05533951799607236
G900104605	0.1026588304918866	-0.0014484058068804366	0.04614841252069939
G900104615	-0.039992541838417675	-0.03974401589101372	-0.03661560562032669
G900104675	-0.036753170605741986	-0.03821716047533168	0.009099083425385731
G900106785	0.016075286551994358	0.018128756144615583	-0.05327710479597973
G900106855	-0.05977271461370472	-0.03069034059198935	0.046551209542970796
G900108345	0.023607157285844744	0.006903371089920141	-0.08319211493185572
G900113155	-0.029842634176817383	-0.02689861619873549	0.04803986537860977
G900119895	-0.0027294423031830003	-0.022927297157153605	-0.022643268721321642
G900120005	-0.006455266123887035	-0.01853358803568329	0.048487813850080025
G900128475	0.029784863930550694	-0.001996154170536611	-0.08071207641226698
G900128485	0.0010034864257601223	0.049315619586802174	-0.02965236682829817
G900128905	0.06005973648654891	0.014222006417630223	0.05208809899267879
G900142165	0.030385001630657146	0.023533955280111284	0.05678406274427809
G900142265	-0.05468425672582065	-0.020917612621304163	-0.005591210752417099
G900142485	0.024896545776908002	-0.008467312348027395	0.052450267535125564
G900143685	-0.04241187954599394	-0.010558188625718732	-0.028499700085290645
G900148495	0.017792277924641754	-0.010901040931428732	0.031599717620691886
G900155635	-0.038555756687226876	-0.01060000694735669	0.03955832507120085
G900155735	-0.012661259748629106	-0.02432142652769213	0.049759211451870906
G900169975	-0.03584340493472057	-0.07937222353442207	-0.020056394781575403
G900176655	-0.006995636004857001	-0.02004380079831433	-0.016471951856069315
G900199495	-0.04036118629755419	-0.06085757592198507	-0.016827829715764613
G900199515	-0.05819859116353227	-0.021758287620280908	0.05538260211938581
G900227605	-0.04884861006934929	0.12093251717183491	0.02154965850247589
G900240225	0.016572632788444952	-0.005324866375969471	-0.008459869631823349
G900291465	0.03523801498872003	0.0055069014900257585	-0.027663952011915852
G900312975	-0.016661053550399246	-0.012343709685592494	0.042486911843827135
G900445225	0.07817416144030538	-0.029614198434923793	0.06585244349778765
G900538745	0.0037401152277263144	0.005970926686588859	0.02399336207876987
G900539795	-0.015784849182942613	-0.007486324318046315	-0.0017811702077077587
G900540205	0.039647469151198454	0.0107941978601608	0.044080120097271
G900540535	0.10007093523369409	0.005738979817969532	0.044433251989460576
G900541935	0.09391772365376345	0.0247011951555855	-0.008009287598430235
G900543375	0.06519871286769036	-0.012872893048379474	0.0029543029496445924
G900544945	-0.03242908673862529	-0.006518093610482693	0.04633871373762102
G900545025	0.07120304676365784	0.04760363032185174	0.029076112843790868
G900548875	0.03731519950045338	0.014920349946643747	-0.023218257643432806
G900551515	-0.019613913792851545	0.0026435759788192717	-0.002572430007130235
G900553625	0.07076409991669608	-0.0014894136078899341	0.0705690771214342
G900604335	-0.004575885197032438	-0.011262545350081227	0.027754078361878022
G900604355	0.14846759243412674	-0.0328163498621832	-0.0326180137450188
G900606105	-0.04253470496095729	-0.015290010929534496	-0.02747901439164021
G900683765	0.044523483327975046	0.026707988979242724	0.035610751317734946
G901212675	-0.0595282086089431	-0.013815276805910144	-0.022755968368142827
G902160675	-0.03202195855177799	0.19975496463641085	0.044090751488710604
G902167945	-0.005850926469375991	-0.013419323955515304	0.03569526113531355
G902167965	0.019963876987934163	-0.0006851774879179112	0.0028953312785149786
G902363025	-0.0121251112629423	-0.027220824505410444	-0.034384354216371996
G902363055	-0.03224334596728269	-0.02525604478473785	0.03760376101032555
G902363075	-0.015222629894326635	-0.02495334694844932	-0.0033097993267731545
G902363425	0.03976483987490991	-0.005054057704543304	0.008532672648982319
G902363555	-0.011564217644528207	-0.016131968012117314	0.022079912668026547
G902363565	-0.015516112109042121	-0.019112731871064235	0.0023680926526971017
G902363595	0.009633430971377812	0.008831237099912284	0.0506177534163171
G902363685	0.012646185943508475	-0.004369441541855553	0.02787558843283804
G902363725	0.060722837198449474	0.01752410116911052	0.021993548681207224
G902364485	-0.026382759261571364	-0.060067529100739606	0.01048125445016677
G902385285	0.028074192133176502	0.0069710607370620575	-0.06372632256386476
G902387315	-0.15918239920409405	0.005561770585305712	-0.014701346264276192
G902501965	0.0017283928061155084	-0.031262719080995684	-0.02643964737225057

Site	6	3
14577.JR.TP1	-0.3445719783853576	0.43363875342411906	-0.6896012292132285
14577.JR.TP2	-0.4811918257010896	-0.2017852429827598	0.12076503760630439
14577.JR.TP9	0.5014904147303583	-0.0936159800743473	-0.03192445538816366
14577.JR.TP7	0.214059675953529	0.6638978130391007	0.5281528452838965
14577.JR.TP3	-0.36102825738025657	-0.4027008877272258	0.3733984017686027
14577.JR.TP6	0.47124197078281527	-0.3994344556788857	-0.30079060005741315

Biplot	0	0

Site constraints	0	0
