Species	Axis1_64.0	Axis2_34.8	Axis3_1.1
G000006865	0.191331898	-0.004052815	0.056696176
G000006925	-0.134625402	0.174379051	-0.009051206
G000007525	-0.10006638	-0.024484745	-0.055772571
G000007785	0.084440538	-0.086929348	0.071055744
G000008865	-0.138458169	0.171320169	-0.010242673
G000009925	0.023480479	0.00066863	-0.100194367
G000010425	-0.101030913	-0.029793369	-0.030748612
G000011065	0.051899524	-0.011859266	-0.087682382
G000012005	-0.128444324	0.182615508	-0.005259989
G000012825	0.042234835	0.005129194	-0.168279867
G000012845	0.023986196	-0.032831904	-0.112826032
G000013285	0.040106854	0.210433362	0.029342236
G000020605	-0.045677943	-0.015378239	0.0305139
G000022965	-0.048027038	-0.02609206	0.037002265
G000025565	0.054337913	0.178369041	0.004979717
G000026345	-0.129453466	0.175261135	-0.010719037
G000144625	-0.002837273	-0.029124727	0.014326117
G000146675	0.018189973	-0.01178707	0.039539398
G000153905	-0.002824773	-0.020877758	0.027064643
G000153925	0.005391831	-0.011006843	0.045860116
G000154205	-0.045536012	0.000419748	-0.188052805
G000154245	-0.011438364	-0.017942326	0.027786681
G000154285	-0.012640555	-0.008311722	0.031680747
G000154425	-0.042463345	-0.019893659	0.044975932
G000154465	0.009260386	-0.011944926	-0.058231569
G000154525	0.035870322	-0.024188921	-0.162917632
G000154565	0.015795576	-0.033558898	-0.064718411
G000154845	0.124409066	0.018734434	-0.123186684
G000155205	0.044833636	0.009670461	0.045788474
G000155435	-0.011099248	-0.016291846	0.012125127
G000155875	0.011981606	-0.00372393	0.040368116
G000156035	0.002170651	-0.003656429	-0.026572535
G000156175	0.006417183	-0.024124853	-0.02666103
G000156215	-0.000330986	-0.023635295	-0.04278761
G000156535	-0.066110779	-0.034774667	0.016746457
G000156655	-0.053422243	-0.069935932	0.080341857
G000156675	-0.057992986	-0.021937603	-0.02567253
G000157915	0.035867279	0.002501109	-0.095039414
G000157935	0.002979464	0.063818522	-0.034182946
G000157955	-0.020943807	-0.025117033	0.019705835
G000157975	-0.013082462	-0.021979077	0.042928645
G000157995	-0.012856077	-0.01677271	0.004378365
G000158195	0.200741276	0.099123545	-0.050648827
G000158315	0.125992002	0.102987568	0.014994039
G000158655	-0.03184729	-0.055808843	0.014180237
G000159055	-0.060198954	-0.03375718	-0.031749818
G000159075	-0.025528472	-0.018815721	-0.08981764
G000159995	0.01415215	-0.010335242	0.009251954
G000160035	-0.01743448	-0.022544156	0.05214991
G000160095	0.017110496	-0.002095761	-0.002300751
G000160135	-0.017614269	-0.021420335	0.051375551
G000162015	-0.065863305	-0.032017872	-0.031480181
G000163515	-0.011545117	-0.038216124	0.038204128
G000165905	-0.052338734	-0.015708072	-0.033788705
G000169035	-0.044880672	-0.016798325	-0.031179382
G000169235	-0.025501912	-0.016293213	0.021635825
G000169255	-0.02882151	-0.047739832	0.015830288
G000174195	-0.0072581	-0.026939429	0.005254474
G000174395	-0.077216481	-0.013066387	0.043744255
G000177015	-0.017586487	-0.026094812	-0.037706243
G000177075	0.027643464	-0.009088441	-0.010395435
G000183345	-0.12947431	0.169739315	-0.008348329
G000185385	0.015806187	-0.027719393	0.03904286
G000185845	0.019211695	-0.001025559	0.036430321
G000187895	0.041360066	0.026805532	-0.180063237
G000188175	0.040530508	0.008102965	0.008986112
G000188195	0.076985896	0.040433693	0.100454144
G000189595	-0.023233221	-0.029151022	0.011817923
G000190535	0.051851221	-0.01228536	-0.022405849
G000190575	0.03261784	0.010128743	-0.040975492
G000195315	-0.005016131	-0.019791762	0.037454245
G000195635	-1.43E-06	-0.007002006	-0.065254642
G000205165	0.00202826	0.020404437	-0.08884503
G000209385	0.035542332	0.009115518	0.047182442
G000210055	-0.03911908	-0.010574988	-0.00345834
G000210555	0.02056002	0.01320144	0.042280163
G000210575	-0.036866475	-0.024366462	-0.067585361
G000210615	-0.016502935	-0.01479849	0.042521092
G000215745	-0.004744928	0.177067099	0.055021739
G000225345	-0.024539427	-0.025302313	0.021697106
G000225705	0.00567151	-0.026431598	-0.010677115
G000230275	0.008978046	-0.014715764	0.038777906
G000233455	0.006752326	-0.010465474	-0.011799071
G000233535	-0.025222882	-0.025679467	0.033781111
G000235505	0.016612426	-0.006023103	0.049099956
G000235885	0.023701991	-0.001559618	-0.081201834
G000236865	-0.035601264	-0.012569182	-0.016319484
G000239695	0.02398184	-0.036445197	0.040619167
G000240185	-0.08474746	0.113586753	8.17E-05
G000243215	0.065480416	-0.002566262	-0.00134181
G000245775	0.087741213	0.006730626	0.024579693
G000262545	0.037042158	-0.002022474	-0.002880231
G000265365	0.037727471	-0.013016873	-0.047274833
G000277715	-0.016443734	-0.028996754	0.049897208
G000296465	-0.051855811	-0.008613873	-0.0709522
G000299455	-0.127946484	0.19230541	-0.024683002
G000307375	0.021873631	0.002678145	-0.10597197
G000311845	-0.0076115	-0.028559996	0.024291834
G000311925	0.002426826	-0.029781017	-0.002726573
G000312145	-0.095145382	-0.036277566	-0.008675797
G000315485	0.028082877	-0.011239685	-0.078257528
G000318135	0.037852688	-0.006008302	0.064469177
G000321165	-0.003504185	-0.021307044	-0.006721958
G000327285	-0.010152567	-0.031122904	0.023826673
G000347695	-0.062440819	-0.014837307	0.023049426
G000349975	0.030589624	-0.018766945	0.027890302
G000371705	-0.017936929	-0.015422944	-0.010222063
G000372405	0.021637883	-0.004022995	-0.015223867
G000373885	-0.130743934	-0.015396167	-0.024632708
G000374405	0.021453426	-0.005142487	-0.013928424
G000374585	0.04492752	0.013660353	-0.04664893
G000378745	0.021127785	-0.001231492	0.006614769
G000381365	0.083481527	-0.025566107	-0.112246167
G000398925	-0.013272824	-0.005690184	-0.076687916
G000403295	0.024051225	-0.006280287	0.020620698
G000425005	0.026345082	0.004046878	0.037178203
G000426585	0.01757345	-0.010468005	0.011691274
G000427365	0.023263346	-0.007121894	-0.018915688
G000428565	0.030590043	1.88E-05	-0.088578807
G000430525	0.021052479	-0.002882098	-0.015094181
G000431495	-0.059999702	-0.024491298	0.081438373
G000431935	0.045866841	-0.023477665	0.037678348
G000433375	0.080527421	-0.028094242	-0.100554117
G000433575	0.051712995	-0.007727056	-0.006995864
G000433955	-0.003019821	0.029497601	-0.109692367
G000434095	0.019246148	-0.016618135	0.000830245
G000434535	-0.015993824	-0.020020098	0.019334842
G000434735	0.061430072	0.001538442	0.02139766
G000434855	-0.002309652	0.053675992	-0.022915445
G000435075	0.026273746	-0.026763387	0.054616568
G000435635	0.011332801	0.001698437	0.038483968
G000435735	-0.014718073	0.029258578	0.021722896
G000436035	-0.023598415	0.056209449	0.026478395
G000436055	0.050491803	0.025328322	-0.028465338
G000436135	0.039171208	-0.010316545	-0.146768477
G000436435	-0.031370969	-0.014212965	-0.106329643
G000436695	0.050019647	0.029016727	0.045726268
G000436795	0.077418456	-0.017489207	-0.029075964
G000436855	0.053071754	-0.000136831	-0.091588604
G000436895	-0.00828429	0.029436719	-0.122767638
G000437995	0.078475395	-0.040807158	-0.03825314
G000438035	0.042310486	0.005798198	-0.160966982
G000438395	0.155387206	0.046830266	-0.139447888
G000450985	-0.013658513	-0.016317514	-0.060645345
G000455445	0.013320525	-0.002784885	0.001750173
G000466465	-0.020758679	-0.010947823	0.035639721
G000466565	0.02628134	0.005880032	0.035680868
G000469445	-0.032064672	-0.058888987	0.002015305
G000499785	0.025118074	-0.003525521	-0.018544744
G000511775	0.044924057	-0.016335167	-0.004520971
G000512915	-0.001996264	0.004521018	-0.039869184
G000517545	0.051194786	-0.012907157	-0.003981218
G000519105	0.035625681	-0.001471805	-0.040109495
G000524335	-0.048071444	-0.006350968	0.046262489
G000526735	0.061926991	0.027275398	-0.108187046
G000565075	-0.022750407	-0.007841098	0.039172515
G000598465	0.032223442	-0.021271485	-0.016259122
G000598965	0.032891487	-0.021989436	-0.022962422
G000599385	0.026583022	-0.004444714	-0.084644466
G000613345	0.018595191	-0.003229943	-0.00152398
G000613805	0.073481944	0.010384398	0.017506682
G000614145	0.049227414	-0.008116541	-0.059483637
G000686565	0.044146061	-0.021115215	-0.06282124
G000688375	0.03459288	-0.034743395	0.026076479
G000694955	0.140226002	0.20626068	-0.030182279
G000702025	-0.032001607	-0.01671887	0.043651175
G000741135	-0.049937478	-0.015735347	0.028302891
G000741165	-0.062841533	-0.015620104	-0.045266598
G000741175	-0.083274609	0.032008045	-0.111700211
G000741215	-0.032188486	-0.015724011	-0.014132415
G000741285	-0.029737519	-0.008882952	0.045392028
G000741575	-0.040293528	-0.016737852	0.016126941
G000741645	-0.018960753	-0.026767088	0.051734613
G000741695	-0.128649179	-0.01319183	-0.163066814
G000741715	-0.110171609	-0.014011472	-0.04412748
G000741765	-0.03188295	-0.01642251	0.047411011
G000741775	-0.025383091	-0.027610891	0.041739197
G000741785	-0.097883734	-0.006050158	-0.08922979
G000752675	-0.048245973	-0.02121502	0.024908902
G000758925	0.022824951	-0.004613108	-0.014693274
G000762865	0.009499099	-0.004033611	0.012254061
G000763135	0.028545796	-0.052469372	-0.058870795
G000765235	-0.02014275	-0.025964213	0.00656119
G000767175	0.00871495	0.025458619	0.013710334
G000768955	0.005831009	-0.005403197	0.028791019
G000775615	0.123310377	0.022903446	0.078506546
G000800475	-0.043186169	-0.013925087	0.033525097
G000803105	0.032489473	0.001831437	-0.012610525
G000814825	-0.011896718	-0.021845524	0.015250219
G000821265	-0.004363429	-0.029374647	0.004628925
G000832075	0.061238162	0.029751623	0.015481877
G000944855	-0.133234059	0.193096656	-0.01677233
G000969835	0.033963251	-0.012404731	0.008529639
G000980235	-0.004720452	-0.020004716	0.017625685
G000980375	0.024551167	0.012850242	0.047367003
G000981035	-0.021226841	-0.025076933	0.050485881
G000982825	0.031568385	0.232684728	0.060477862
G001022135	0.071418864	0.230564036	0.051642312
G001022195	0.019287394	0.187267658	0.035433229
G001025155	-0.06278937	-0.013677126	-0.015316232
G001025175	-0.094931176	-0.019231635	-0.036164463
G001042595	-0.053286326	-0.020598325	0.013091807
G001042635	-0.054684685	-0.01583327	-0.039071775
G001244495	-0.038476795	-0.071346013	-0.008858149
G001244995	-0.02653934	-0.066736393	0.044672319
G001263395	-0.060893764	-0.013912627	0.052411164
G001267865	-0.046451669	0.010022705	0.043452159
G001275135	0.044976604	-0.005204078	-0.050972853
G001304875	-0.020664075	-0.025258973	0.048208313
G001305115	-0.041517157	-0.031746188	0.030731478
G001305135	-0.002465375	0.002660687	0.008711471
G001312505	0.013044279	0.001639373	0.025705111
G001314975	0.063044666	-0.038358778	-0.065108197
G001314995	-0.030442296	-0.012246448	-0.102437033
G001318345	0.031993117	-0.006869501	-0.042195326
G001398415	-0.037546561	0.078088118	0.051036727
G001403595	0.053555089	-0.012020457	0.009597589
G001404335	-0.001926562	-0.019376391	0.0384513
G001404455	0.013448829	-0.008100304	0.030952029
G001404695	-0.06799405	-0.027072908	-0.027161468
G001405375	-0.007539371	-0.032130482	-0.006817155
G001405615	0.002814871	-0.013166381	0.025912455
G001406335	-0.02079502	-0.021566432	0.032955729
G001417815	-0.111672306	-0.006980656	-0.145550136
G001454945	-0.022171796	-0.070810677	0.012845328
G001481375	-0.032552705	-0.034098507	0.011660068
G001486665	-0.037135591	-0.055126434	0.022900712
G001487125	0.015442172	-0.005273204	0.046033915
G001494635	-0.057757828	-0.024697416	0.040681023
G001552785	-0.023753688	-0.007940203	0.039142211
G001688625	-0.034089165	-0.075850904	-0.14884989
G001689655	-0.014965636	0.002619495	0.017281894
G001693775	-0.01763031	-0.022870055	0.052167172
G001701255	0.044940436	0.01976726	0.010529375
G001899425	-0.044199005	-0.067397735	0.046402184
G001915415	-0.000540161	-0.004614241	-0.008210163
G001915435	0.035307726	-0.020981704	-0.027864089
G001915455	0.000422628	-0.000430507	-0.089365536
G001915495	0.05899345	0.001612981	-0.067665763
G001915575	-0.032129841	0.001734252	-0.010238624
G001915655	-0.005118922	0.014786059	-0.012422832
G001916865	0.042860166	0.023149462	0.045131219
G001940855	0.053354395	-0.045154503	0.044941981
G001941055	0.006613458	-0.03721927	0.043465976
G002159555	-0.028089792	0.029622678	0.009811507
G002159625	-0.051684677	-0.014056786	-0.025212401
G002159645	0.019228356	0.015852666	0.00428841
G002159835	-0.047602538	-0.042962304	0.037487438
G002160015	-0.033715606	-0.026570939	0.05193239
G002160025	-0.03686137	-0.048470566	0.023899699
G002160065	-0.007957915	-0.021592367	0.010297992
G002160525	0.021871003	0.005949883	0.052850428
G002160755	-0.02926729	-0.021097145	0.025796275
G002160895	-0.055038115	-0.014784174	-0.015496829
G002160955	-0.017928426	-0.033236769	0.036695614
G002161065	-0.011663355	-0.008912574	0.038149839
G002161285	-0.022718672	-0.006894581	0.040220037
G002251205	0.004703409	-0.006626753	0.010126247
G002251365	0.005942659	-0.008783492	0.009487256
G002251435	0.043944309	0.007628634	0.019499261
G002259605	-0.037916864	-0.024002967	0.038358426
G002259685	-0.02567134	-0.014182017	-0.029733282
G003014445	-0.001127707	-0.019022282	0.033353096
G003148945	-0.01015748	-0.015571739	0.024711652
G003324125	-0.06854336	-0.034464	-0.003824309
G003340315	-0.054022778	-0.022023848	0.05148312
G003432035	0.00628011	0.008840674	0.040819374
G003438075	0.013271664	-0.011128828	0.042768349
G003438995	0.060547235	0.010437696	0.000525221
G003439775	0.049369323	-0.009430383	0.057420179
G003457795	0.052296701	0.004373655	0.045099765
G003458885	0.0125632	-0.016922515	0.043770608
G003461285	-0.013243463	-0.010208574	0.044272345
G003467845	-0.002054326	-0.010685101	0.004460408
G003478165	-0.024941153	-0.004933372	-0.002133925
G003478285	-0.001160194	-0.006881382	0.013206105
G003478355	-0.002561832	-0.018582424	-0.038108476
G003479825	0.012271308	-0.012646039	-0.083289711
G003479885	0.001200752	0.00150981	0.046116095
G003481355	0.02086268	-0.005914588	0.05046901
G003481825	0.034069103	0.00625479	0.034118125
G003481995	-0.016712454	-0.019686056	0.030311235
G003490145	-0.009883867	-0.001902822	0.023079536
G003611805	-0.017809586	-0.023071709	0.045755082
G003612315	-0.01795108	-0.026663605	0.048312057
G003762615	0.012495127	0.012201622	0.031699778
G003762715	0.027976576	-0.01394696	0.039221469
G003762745	0.018418538	-0.001712697	0.003069271
G003762875	0.031942979	0.020214725	0.035970437
G004102775	0.014116209	-0.010441692	0.018362914
G004102785	0.028821995	-0.002200249	-0.02973504
G004102805	0.015800437	-0.006565812	0.008399924
G004115465	-0.011458152	-0.008802877	-0.010544096
G004552135	0.030135151	0.009564005	0.044638688
G004552795	0.018653308	-0.004460459	0.035789994
G004553245	0.037536711	0.007330602	0.015107914
G004553635	-0.049979335	0.103840422	-0.013815033
G004555055	0.021037227	0.022519051	0.027236452
G004556245	0.040162377	-0.013211356	0.076175094
G004556705	0.004377922	-0.022001098	0.028095544
G004557415	0.016949379	-0.003355133	-0.00781495
G004557655	-0.082070158	0.003208622	0.036034757
G004558425	-0.005285838	-0.056911717	0.007742433
G004558535	0.006507271	-0.016657102	0.046581973
G004561075	0.020199429	-0.002306854	0.053657414
G004561455	-0.008515957	0.00055149	0.037793439
G004562975	-0.006172696	-0.021121419	0.016533124
G004563195	0.003123958	-0.010916628	0.034565549
G004563615	0.008608158	-0.040185858	0.013875743
G004792655	0.02117614	-0.002230702	-0.024694638
G004793665	-0.028361974	-0.012978845	0.026481176
G004803695	-0.011404851	-0.005238943	-0.010432642
G004803915	0.079150751	0.018935729	0.028706704
G005048345	-0.008650355	-0.029607632	0.039290478
G007559425	0.024552511	-0.029380047	-0.028197563
G007896885	0.017245007	-0.006341	0.033639214
G007998125	-0.109621832	0.186604334	-0.020890048
G008667375	-0.003194255	0.010146247	-0.013520215
G008679325	0.034295218	0.011627878	0.005629709
G008698165	-0.05580914	0.000609548	-0.10164585
G009695875	-0.033243772	-0.026223343	0.049756187
G009696045	0.00366375	0.000480685	0.00083775
G009696565	0.031911218	-0.007883166	0.019810255
G009774765	0.054853084	-0.049560584	0.091509049
G009774865	0.021546565	-4.31E-05	-0.037133107
G009831105	-0.023746226	0.016636091	0.026943427
G009929575	0.020677212	-0.00517046	-0.011234703
G009937725	0.002072695	0.173116833	0.068613712
G010500965	0.037922712	0.007765786	0.050716824
G010537155	-0.01043869	-0.005691964	0.016618946
G010592515	0.066627685	0.267753734	0.007303377
G010667615	-0.048680703	-0.018041494	0.019829698
G011959405	0.031735302	-0.005080648	0.003663683
G011960185	0.029600968	-0.001610152	-0.012784848
G012357415	-0.135727439	0.156387319	-0.006177468
G012932365	-0.078470958	-0.01832939	-0.057204948
G900021155	0.019091775	-0.006504702	-0.011241743
G900046475	-0.002872744	-0.016988194	-0.015587551
G900066095	0.000285634	-0.010507951	0.035800178
G900066135	0.015272128	-0.011797301	0.013206942
G900066445	0.062837469	0.014132317	-0.035514703
G900066505	-0.00648242	-0.002592519	0.014509335
G900066525	-0.029519978	-0.040541852	-0.014307762
G900066545	0.039345941	0.0045805	0.032449397
G900066655	0.038725085	0.005381345	-0.072250493
G900066885	-0.056784695	-0.034552399	0.053683571
G900079775	0.036269661	0.003390981	-0.058043369
G900086585	-0.002319143	-0.012717655	-0.041000549
G900091655	0.019539253	-0.015204467	-0.033494726
G900101655	-0.04719944	-0.038991254	0.036154682
G900104585	0.042639752	-0.006007174	0.055339518
G900104605	0.10265883	-0.001448406	0.046148413
G900104615	-0.039992542	-0.039744016	-0.036615606
G900104675	-0.036753171	-0.03821716	0.009099083
G900106785	0.016075287	0.018128756	-0.053277105
G900106855	-0.059772715	-0.030690341	0.04655121
G900108345	0.023607157	0.006903371	-0.083192115
G900113155	-0.029842634	-0.026898616	0.048039865
G900119895	-0.002729442	-0.022927297	-0.022643269
G900120005	-0.006455266	-0.018533588	0.048487814
G900128475	0.029784864	-0.001996154	-0.080712076
G900128485	0.001003486	0.04931562	-0.029652367
G900128905	0.060059736	0.014222006	0.052088099
G900142165	0.030385002	0.023533955	0.056784063
G900142265	-0.054684257	-0.020917613	-0.005591211
G900142485	0.024896546	-0.008467312	0.052450268
G900143685	-0.04241188	-0.010558189	-0.0284997
G900148495	0.017792278	-0.010901041	0.031599718
G900155635	-0.038555757	-0.010600007	0.039558325
G900155735	-0.01266126	-0.024321427	0.049759211
G900169975	-0.035843405	-0.079372224	-0.020056395
G900176655	-0.006995636	-0.020043801	-0.016471952
G900199495	-0.040361186	-0.060857576	-0.01682783
G900199515	-0.058198591	-0.021758288	0.055382602
G900227605	-0.04884861	0.120932517	0.021549659
G900240225	0.016572633	-0.005324866	-0.00845987
G900291465	0.035238015	0.005506901	-0.027663952
G900312975	-0.016661054	-0.01234371	0.042486912
G900445225	0.078174161	-0.029614198	0.065852443
G900538745	0.003740115	0.005970927	0.023993362
G900539795	-0.015784849	-0.007486324	-0.00178117
G900540205	0.039647469	0.010794198	0.04408012
G900540535	0.100070935	0.00573898	0.044433252
G900541935	0.093917724	0.024701195	-0.008009288
G900543375	0.065198713	-0.012872893	0.002954303
G900544945	-0.032429087	-0.006518094	0.046338714
G900545025	0.071203047	0.04760363	0.029076113
G900548875	0.0373152	0.01492035	-0.023218258
G900551515	-0.019613914	0.002643576	-0.00257243
G900553625	0.0707641	-0.001489414	0.070569077
G900604335	-0.004575885	-0.011262545	0.027754078
G900604355	0.148467592	-0.03281635	-0.032618014
G900606105	-0.042534705	-0.015290011	-0.027479014
G900683765	0.044523483	0.026707989	0.035610751
G901212675	-0.059528209	-0.013815277	-0.022755968
G902160675	-0.032021959	0.199754965	0.044090751
G902167945	-0.005850926	-0.013419324	0.035695261
G902167965	0.019963877	-0.000685177	0.002895331
G902363025	-0.012125111	-0.027220825	-0.034384354
G902363055	-0.032243346	-0.025256045	0.037603761
G902363075	-0.01522263	-0.024953347	-0.003309799
G902363425	0.03976484	-0.005054058	0.008532673
G902363555	-0.011564218	-0.016131968	0.022079913
G902363565	-0.015516112	-0.019112732	0.002368093
G902363595	0.009633431	0.008831237	0.050617753
G902363685	0.012646186	-0.004369442	0.027875588
G902363725	0.060722837	0.017524101	0.021993549
G902364485	-0.026382759	-0.060067529	0.010481254
G902385285	0.028074192	0.006971061	-0.063726323
G902387315	-0.159182399	0.005561771	-0.014701346
G902501965	0.001728393	-0.031262719	-0.026439647
			
Site	6	3	
14577.JR.TP1	-0.344571978	0.433638753	-0.689601229
14577.JR.TP2	-0.481191826	-0.201785243	0.120765038
14577.JR.TP9	0.501490415	-0.09361598	-0.031924455
14577.JR.TP7	0.214059676	0.663897813	0.528152845
14577.JR.TP3	-0.361028257	-0.402700888	0.373398402
14577.JR.TP6	0.471241971	-0.399434456	-0.3007906