Eigvals	3
229.3073286494045	168.5562616068094	44.688368187210216

Proportion explained	3
0.6335917386928928	0.34234454887516147	0.024063712431945775

Species	1233	3
G000337895	-0.007923631183512138	-0.01716704225445112	0.02527520028793191
G000337735	-0.010328423403258083	-0.016170287262411126	0.026574162814471045
G000980375	0.030067602472312164	-0.004057799946375185	0.011998212105635037
G001899425	0.010707731685013334	-0.009850000732501208	0.012082689989521176
G000236865	-0.02757540828914022	-0.017962625976213953	-0.011281390519097725
G000210055	-0.026414495437521585	-0.018205215816618676	-0.011655255997478103
G000814825	-0.010517196986076487	-0.011855168075236538	-0.004516231530340692
n7	-0.0265781749083223	-0.017826898987479415	-0.011125410788367636
G003340315	-0.012955819044355058	-0.0038177312456642055	0.006545035618491238
n9	-0.02326073955748288	-0.01634857881340363	-0.010035371942341293
G000311845	-0.009306984617823335	-0.012634876955614601	0.014936036300384588
G000321165	-0.011137493908945082	-0.01447054482859639	0.006007823104820815
G002160065	-0.010203547756680934	-0.014745024801799244	0.010674472048383152
n13	-0.010555422788720403	-0.014037295884499723	0.008669402792463332
G000195315	-0.00918705466246783	-0.01380063419373781	0.011893279089158921
n15	-0.010702197513522931	-0.014378157107820902	0.00628571446224236
G000169035	-0.023349788554177322	-0.010858159033043817	0.016216707479743343
G001405375	0.0015637474343010189	-0.006583908698370191	0.019511809052699853
G000434535	-0.0059774714066909975	-0.005304768448742042	0.025549872000012797
n19	-0.015557362233332804	-0.01026910287178836	0.009271996470976537
G001404695	-0.02635181494849772	-0.008155028150388271	0.009240585308771303
n21	-0.014236501561521415	-0.00935459435382525	0.01416006802293278
G000821265	-0.0120438025763442	-0.013018998742082084	0.002879756803490582
n23	-0.02037878248952657	-0.011822577611805295	-0.022527680916638655
G900176655	-0.02237301161742925	-0.012822724902815136	-0.004876546311199543
G902501965	-0.01773884446298851	-0.01322118834894733	-0.007516570988128582
G000156175	-0.007679011799858045	-0.014827553535465554	0.0016991441657803563
G000156215	-0.01148023871132759	-0.014683312204175533	-0.008121800718282389
G900119895	-0.011996087839067061	-0.014393184990589744	-0.004361460456129793
n29	-0.010419973294940718	-0.015143648947811459	-0.010480071574174517
G000225705	-0.009487365992286825	-0.013401613252112953	0.0018201359133702753
n31	-0.010370857818616071	-0.014540023007990333	-0.0028940015512789845
G900046475	-0.011645172386464698	-0.013782149769493926	-0.0035074967283567036
n33	-0.01058476399617248	-0.01482826875893679	-0.008225866695976152
n34	-0.01944918407098149	-0.013249367687857373	-0.007742244769902903
n35	-0.01084092086154184	-0.014834446436794147	-0.009469814995176311
n36	-0.01896617529146881	-0.011435918885848615	-0.012439877863746396
n37	-0.013397697411573695	-0.014273095267653161	-0.009103668110306821
n38	-0.01000832458604213	-0.013747283384507999	0.014672108437334972
n39	-0.01560449150420598	-0.013538443852045154	-0.017311674875506552
G900143685	-0.03792763245295771	-0.015955076154766785	-0.010351584509842415
G901212675	-0.06591227279919462	-0.012389174273017965	-0.01343394142272208
G000752675	-0.013056200359068713	-0.010438453165789759	0.03010465515531571
G001494635	-0.011647078830249097	-0.012329753144452636	0.03491787215757562
G002159625	-0.0012237617907923043	-0.011354390933737624	-0.004780952913564053
G900606105	-0.020986315115748444	-0.012572677704310852	-0.0138929866070705
n46	-0.01514111964358765	-0.012506767635447315	0.006442309627449017
n47	-0.013099857750872865	-0.010948104890720707	-0.005598552252829294
n48	-0.013711804573764003	-0.010759437735195203	-0.001873117581844146
G000565075	-0.018207711105395784	-0.015587069293358374	0.011269244202987394
G000233535	-0.007668805540001963	-0.015544180434983823	0.019506364480180033
G900155635	-0.01039241354569316	-0.011673509593230075	0.017962581765757022
G000468755	-0.011570834677948165	-0.010434763964884347	0.01971996616594926
G001457795	-0.020208274082122703	-0.011332510161440906	0.019812843880992095
n54	-0.008499701261531472	-0.013445583180063064	0.020428548527920646
n55	-0.016860379791765367	-0.01174055656741601	0.026641447184707852
G000524335	-0.011021521003035668	-0.014274041747718465	0.023947156099744054
G900101655	-0.01252636001518716	-0.007783725681349876	0.011470664448344364
n58	-0.011935490184042986	-0.012699851942104956	0.02128365249470224
n59	-0.012135722417662935	-0.0074881816739270825	0.03063984699035063
G009695875	-0.026115540657036054	-0.013253945815778304	0.017227965379997736
n61	-0.015073418115132181	-0.009226078602040505	0.01880669317349022
G000468855	-0.020626694397942014	-0.012459775031263814	0.015632137471705207
n63	-0.01828403037006588	-0.010785625940778344	0.0006675848370851781
n64	-0.014123436101471903	-0.011288372156268968	-0.006667510235854855
n65	-0.01792111857282641	-0.009690336412658634	0.015230372275037311
G001552785	-0.022557427526411062	-0.0159047667135515	0.009345700929621125
n67	-0.015437214065834995	-0.011429252686779664	-0.008623641817266586
n68	-0.05409304444527322	-0.015323846317216257	-0.023251937469721016
n69	-0.015827514489464792	-0.011735062123406725	-0.011106763805440676
G004793665	-0.02699863093113532	-0.010113363463105509	0.0014230568288821955
n71	-0.03480747437044881	-0.012817004099611848	-0.012024265063419123
n72	-0.016310693119506007	-0.014929083637378273	-0.033390908307142975
n73	-0.03546022120229705	-0.013592736630466477	-0.023693676128065836
n74	-0.023053768695387333	-0.015788587616745817	-0.01832660263051328
n75	-0.025972441911686277	-0.016398321156379222	-0.04776839838483312
G001042695	-0.038799281986188434	-0.018498695808064007	0.01940240350571794
G000376885	-0.033087685384363595	-0.020111220607501465	0.012928044597186591
G000738005	-0.03125923627970007	-0.02425299451798178	0.02917773643850383
G000741705	-0.03543831475059751	-0.024567823817088507	0.027907378647138992
G000304215	-0.03614917623824528	-0.023168653244149913	0.022435684687285656
G000737865	-0.033814186468066484	-0.022349550497243336	0.023810630929965368
n82	-0.0353552254036066	-0.022946789576441643	0.018702331939051114
G001263395	-0.039680466177655666	-0.02463610127679373	0.01928041149447541
n84	-0.03478982414627289	-0.02450477908876148	0.016606388840543343
n85	-0.03673379172914962	-0.02328910423180299	0.015012792654079161
G000159155	-0.033183689834188124	-0.01687963669315277	0.029901865280172316
G000025205	-0.03556812515925282	-0.023912349295667757	0.026063284999361464
G000741765	-0.03318888314813945	-0.025379519290622488	0.01966194693274356
n89	-0.03780425814990621	-0.02342596556436777	0.01183977381761653
G000741285	-0.04023658747245917	-0.023438450099576364	0.014503888012354789
G000741775	-0.03515978579041158	-0.02175594818933822	0.015604901549038082
G000741525	-0.03675051605631492	-0.022884447767841744	0.02105647153106138
G900094885	-0.03803705117992774	-0.021816901679670184	0.021783483011051492
G003315635	-0.03330942703820139	-0.024426797122699167	0.014916984787657331
n95	-0.04141302973672081	-0.023051395285358493	0.015972968540246418
n96	-0.036965597351751034	-0.022352326781282638	0.017457029169276182
n97	-0.038933367643190976	-0.02231689610327552	0.022191869016953227
G000741645	-0.038727494169942506	-0.0247443678219091	0.012320690679325926
n99	-0.03988783312024213	-0.020938416182724136	0.024850004724164706
n100	-0.035114674536165486	-0.023949480576558123	0.019516222753588216
n101	-0.04087448552653057	-0.021634295616810045	0.01617298542744197
G000741255	-0.044328508128711086	-0.017554565221672633	0.01841792013510321
G010667615	-0.04624005307854936	-0.02123143834471788	0.005790706789892991
G000741205	-0.03855423855673721	-0.020416862391841584	0.019015954539226394
n105	-0.04845985088838229	-0.0196730813992385	0.017407176663142274
G000741135	-0.04794864488425672	-0.021550957412956904	0.01189981357855585
G000800475	-0.03794584557899204	-0.021943294769150586	0.02065930722854411
G000741575	-0.03903727005416554	-0.02264763635812336	0.00770595771967941
n109	-0.045320812659515874	-0.020753087573798647	0.01880183864123291
G000022965	-0.04002465581462113	-0.022520556130154384	0.014389389720162881
n111	-0.044364287550590964	-0.020768440896876638	0.014999060967857478
n112	-0.04783377787708799	-0.020193337256483913	0.019917344004629974
n113	-0.04474351523777849	-0.02100805421165193	0.009615599001285582
G000010425	-0.03325133848873198	-0.010069677254620628	-0.002586413967082272
G001042595	-0.03950997566898102	-0.0182535064998019	0.010997915448788613
G000741165	-0.05451405459864898	-0.021699682541667778	-0.018211775399441504
G001042635	-0.05182055692966706	-0.02190948528844397	-0.011965066085622008
G000165905	-0.045881636766308645	-0.018961306395513564	-0.014162040154519186
n119	-0.05268756825355268	-0.021208992162550594	-0.00874149117991089
G000741785	-0.07220344626916936	-0.02158723966081056	-0.03325642162257406
G001417815	-0.07444085935363895	-0.022237081375283844	-0.051980847509565345
G000741175	-0.09817006390670525	-0.026221287055119585	-0.05162363121508583
n123	-0.0742355957326501	-0.022377675522885214	-0.05222578468651128
G000007525	-0.03813700719805856	-0.01311046619982021	-0.011541862432495175
G001025175	-0.04100605144822183	-0.01714456870362736	0.0016063760049235662
G000741695	-0.04623530143077272	-0.027740624487719086	-0.04703086426292713
G000741715	-0.04778086748727376	-0.025732559532752074	-0.005944421568073164
n128	-0.038523595760989286	-0.013890634841990698	-0.003727147400284678
n129	-0.045581238515284325	-0.026919239948799776	-0.03571881850606034
n130	-0.08550512025091879	-0.02519480713017786	-0.05813581850898955
n131	-0.04445190280468694	-0.025546208855993156	-0.04860526736926818
G001025155	-0.04259452312961826	-0.01854235491395982	-0.008176701148074476
n133	-0.0733380820725523	-0.026135552022441152	-0.057029945545537475
G002259685	-0.035637624480755664	-0.022349887242990755	-0.013119804449391566
n135	-0.07287794079899376	-0.025708616661223288	-0.051520207690112355
n136	-0.05107906313040222	-0.02088305101733345	-0.014821077709343043
n137	-0.07283904642186492	-0.025981139249252966	-0.05522166735202348
n138	-0.03755088734923169	-0.011129652147574602	-0.012184481638044102
n139	-0.07200320280515152	-0.025620617165428204	-0.050768115070386886
G012932365	-0.052178182942440435	-0.02395235818115218	-0.02307655119507189
n141	-0.0714260333958008	-0.025101950656345517	-0.04940371751869013
G000741215	-0.042738203748989935	-0.02276825263357908	-0.00977134775039687
n143	-0.07163423136673235	-0.025590101727142583	-0.055799362283575515
n144	-0.04703189300067211	-0.022180560485770804	-0.005325507812469872
n145	-0.0714030301568396	-0.025458422583676258	-0.05400599888623421
G000347695	-0.04201692118929234	-0.023158165549507805	0.006963390279932899
n147	-0.07155502901434158	-0.025787016046802922	-0.05835840304994574
n148	-0.04097452811297797	-0.021913598295939092	0.01282862427017204
n149	-0.07112001930789183	-0.025315400527482598	-0.051962093708514415
G008698165	-0.08076552036250656	-0.04074412664819109	-0.04674124425934137
n151	-0.07153752267699777	-0.025928133283444458	-0.06017220175800694
n152	-0.03565239342637647	-0.0233040867867892	0.017429401898313497
n153	-0.07158998596146797	-0.026904256885268433	-0.05996808610040687
G002259605	-0.04020113125794845	-0.022328005761654987	0.006015015991158347
n155	-0.07195203455365752	-0.027363283600195867	-0.0662181195030582
n156	-0.03440167143151674	-0.02069382528973599	0.02542045087923123
n157	-0.07207995833598688	-0.027526128959543126	-0.06843913622852346
G000466245	0.013117532664015623	-0.0015565938551888323	0.03296113854738712
G001553935	0.0019012213801041392	-0.019110246749177807	0.03369698937663425
n160	0.010441523488705829	-0.0063749942127572885	0.014444042009540822
G000269805	0.0017704689651642507	0.0036613469311450935	0.015783169122280328
G000239695	-0.009417334154167794	-0.01290086210689133	0.007902431718899471
n163	0.010701297008198479	-0.0063924643506472895	0.013934798445356817
G900106855	-0.022879613207886246	-0.015331377594382753	0.0048835983536985
G000296505	-0.0240913980117423	-0.019388885411687803	0.007529299259878013
n166	0.00038464156684904293	-0.011526992170573527	0.005197310698990364
n167	-0.021998757083282826	-0.0180344565559454	0.01759600965566208
n168	-0.07379657124930815	-0.029497328424881532	-0.09516918857318518
n169	-0.008521347253211568	-0.0131051975033064	-0.009735459787388214
G000767175	-0.0314609989999655	-0.0001749107992857774	-0.027102381538289262
n171	-0.07120075225878866	-0.026694094845010168	-0.05810981963566803
G000763765	-0.005693440671285543	-0.011688508446102478	0.010472669443920161
G008040105	0.014429043775277694	-0.012342204770561993	0.0056434144593209305
n174	-0.07176658534796038	-0.02752935476140223	-0.07420998517704085
n175	0.012697935120879548	-0.0074283245424026515	0.025440342098338273
G000277715	0.00683604912518117	0.0005848808327036703	0.004464588462056507
n177	-0.07229541832215418	-0.028182189617835186	-0.08333839658798381
G000318135	0.004947846817384539	-0.00023015764637626202	-0.003934736618790488
n179	-0.07203427937113513	-0.027884341339736003	-0.07983401396163584
n180	-0.0263979836199787	-0.017114821380095062	-0.05546815939552857
n181	-0.07285562562021473	-0.028845246116971205	-0.09348840265806874
G900103425	-0.06241441759444802	0.0011818450702207942	-0.013692303749888605
G000434475	0.0061873398276661475	0.004048288549768216	0.01964722741072272
G000177555	-0.034687737083698406	-0.006432743503265489	0.02157747989657044
G000221545	-0.04274008192144331	-0.004630271744554658	0.021799885565580556
G000478965	-0.03373911588926415	0.0024728793982764902	0.026190319104887668
G000165735	-0.042154239217618246	-0.004385007443755165	0.018024779758982944
G000283495	-0.045091467376361175	-0.002392446714508897	0.02353474902173067
G000455225	-0.049123141998471204	-0.00518190123052083	0.028571896024201435
G001045675	-0.04906558391949823	-0.0029759558464249347	0.0221982929052675
n191	-0.04729933142442434	-0.0046953347737797154	0.015321978926386969
G003467125	-0.0481251739920608	0.00043748261564189895	0.021332398752178926
n193	-0.04830752235830009	-0.005204450153185358	0.025398989733291858
G900103535	-0.044215701934694054	-0.0030798573500355566	0.020143798177373586
n195	-0.049269778128989035	-0.0056268397371670685	0.02253538151100939
n196	-0.044924136474519594	-0.0017445807830064484	0.02862791814938983
n197	-0.05030530421080572	-0.006419692099681551	0.018816629651727177
n198	-0.040101026811716754	-0.006736239979235127	0.014489349462086822
n199	-0.05029319872547108	-0.00752464481405986	0.01491298957800742
G000024945	-0.008892734454148093	0.0037505077469094203	0.014569051169812117
n201	-0.04890462378254001	-0.007644908435009739	-0.007225527221969456
n202	-0.07355314587111517	-0.0016576345611684833	-0.016478852170283192
n203	-0.04333561767451793	-0.005151361370000751	0.006140132912790865
G000230275	-0.0001866975989060089	-0.007997814993257649	0.016999705765248167
G000025305	-0.027616002028332684	-0.01101893231372768	0.008443599090134991
G000188175	0.0021692833875903146	-0.008612694100153093	0.021134252725086212
G001916865	0.0004753515133101065	-0.0057630306957963074	0.04550836341842948
G900545025	-0.002543606028718828	-0.014392635323108338	0.0021070780712523205
n209	-0.0003116877648316016	-0.010341758428730627	-0.0036770770298729404
G000436295	0.0033718669536559887	-0.0058783278654637935	0.04371632451360721
G900683765	0.0015642733258220552	-0.008992385602776775	0.04658853477405989
n212	-0.001619422365179957	-0.01164314698337219	-0.00045496250106885947
n213	-0.001416544825268973	-0.01033777653426563	-0.0023180777119845737
n214	-0.02080615792714548	-0.00941729390109004	0.0008669087116178392
n215	-0.002705029024753936	-0.011772867802600713	-0.012968978634647741
G000245775	0.01726644469280579	-0.019477975979196076	-0.017806191556412714
G000423385	0.009174664651803582	-0.01554388970000968	0.021041526647175332
G004341685	-0.021141523423354423	-0.01885914223268354	0.015062089974126534
n219	0.01640337677391541	-0.02023311933973189	-0.02579333585277566
n220	-0.006967038460686014	-0.012327447955056721	-0.02092360203931893
n221	0.015221833571634065	-0.02128175064549258	-0.03398521464763911
n222	-0.061790115544239826	-0.004042838390593661	-0.01465375008655199
n223	0.012810953031383543	-0.02059627366919009	-0.01665516908985795
G902363595	0.0023811590532468708	-0.0098134970179869	0.008162457204665664
G900086585	0.005238257094057635	-0.0020897889675345026	-0.02631318897391745
G001855385	-0.011393788567501131	0.022719035932383162	0.011004636492334751
G005048345	0.0015969784066394291	-0.002956844547626416	0.0017547269273468866
n228	0.005169705591468905	-0.0028161394408928735	-0.021803497229387767
G000156055	-0.01523859344783324	0.022934675014824095	-0.03654897154719577
n230	-0.005576639718360989	0.03138590963744499	0.01343716257018866
G000013285	-0.001751921690096731	-0.009789572913681984	0.0011371747775121583
n232	-0.003669139697408514	0.008031516127473026	-0.014672901157934187
G900552655	0.020349997548415173	-0.015753806573570332	0.020021559053471437
G900552765	0.004841669575213411	0.00021680945847866182	0.01732724912447628
n235	0.032115706556117236	-0.007544230995958612	0.029674275853718464
G900553625	0.026841109952133367	-0.009589832690838504	0.011581818311664608
G003343915	-0.01290229318893713	-0.011024647272920638	0.013268699680989177
G001940855	0.025735477482329135	-0.018066377669094053	0.00535009398931298
G004557245	0.020599292102151674	-0.0076746139408598825	0.014892836627126363
n240	0.03408186370664566	-0.014278143726809047	0.022210456990659776
n241	0.03254210783646762	-0.01260282424881157	0.020544959967827042
G004557415	0.00037757859518776804	-0.010284065262128477	-0.027237375636032773
n243	0.006185365259341074	-0.012562680587358495	-0.02033414480861297
G004556445	0.013389884087645175	-0.017559125184084454	-0.0019649665688951856
G000398925	0.003540572359846675	-0.010489414745298879	-0.02367814656561471
G900604335	-0.0011246511469368704	-0.0037777982409876428	0.013715168137875936
G000701665	0.011308528195839858	0.0053430356595067265	0.02646843798236074
G001305135	0.0263352763317148	0.016660269344746147	-0.0010135410349815335
n249	0.003706299496613895	-0.00809591447779882	-0.00887134391874384
n250	0.027096866840044583	0.017277969079370997	-0.005784935940886757
G902364485	0.0056063306601822896	-0.006986463433277855	-0.0023395512041085777
n252	0.008191094225591281	0.0007471388823716053	-0.03527216088732075
G000435555	-0.011403735050277907	0.020009874741012346	0.02523507827663252
G004556045	-0.00096057972519431	0.01305613623202791	0.0352818252740472
G900545585	-0.004118712516963974	-0.0034270528362461425	0.028714577406158508
n256	0.004901884410114772	0.01370513032444522	0.02846851604070423
G004557655	-0.017889170165982474	0.03582205936432489	0.006097745837399851
n258	0.007141603750809154	0.011047780647570199	0.01686759212483918
G000765235	0.006386792035814978	-0.00017550650978657694	-0.003236961968706746
n260	-0.005750228854118537	0.029517581315386114	0.005552003349152129
G000469445	0.02137099476213175	0.01083827033670459	-0.012154678354719891
n262	0.00016200378853289615	0.016461029381554537	0.0015429286992057992
G000177015	0.0038562854633612106	-0.0017800229381274523	-0.013585968932775501
G001244495	0.02232537831865072	0.005537575758378551	0.006862883411981486
G902363075	0.0030531357211292815	-0.00396061903387148	-0.004610325471886824
G001244995	0.007913454911998593	-0.002015937959520075	0.02351506288860184
G001454945	0.010444371275254064	-0.001521566261164347	0.01333758610716996
G000169255	0.004825350316914772	0.003906710428028653	0.01020825969727423
G001688625	0.036782860283842395	0.014380175240023989	-0.041786279100961374
G900199495	0.0069045213551813655	-0.00674345352443044	0.0033905434378800558
n271	0.034766291979811695	0.013002871276133462	-0.030164008126335306
G900169975	0.01897713290908622	-0.0013960822191343787	-0.0017375281823913786
n273	0.03283562335220379	0.011058743262221357	-0.021273774568968527
n274	0.00996272370150208	0.0014567832506756336	0.016731352039529763
n275	0.03188235171578995	0.010073727944210699	-0.02408221701672163
n276	0.005104712875829859	-0.0019388576352863977	-0.012775210805749193
n277	0.03046163971743965	0.008732258921332222	-0.03257256031352198
G902387315	0.021466849158750276	0.016064036792678857	-0.01208310407199426
n279	0.025071242971638312	0.005144231351817302	-0.037120394739443556
n280	0.011560413613514436	0.016806097854737568	-0.013844954974190249
n281	0.024430589641176434	0.00541056414695968	-0.038276495692094833
G004552795	0.0243498372060434	0.0018252784507746898	-0.0018102594101975077
n283	0.02434506177622942	0.004944054539591254	-0.04188650213504834
G900544945	0.010573045433989932	-0.004898105453429097	0.008280886353045696
n285	0.025157393859731942	0.0057203459932601425	-0.029015805974709093
n286	0.008847171737092064	0.0014685638172266683	-0.01862421134383392
n287	0.02436620622607576	0.004787260909100713	-0.04122159595269269
G004563615	0.016023469685553172	0.0008772042681110665	-0.005039269622712587
G900540535	0.01616749912119407	-0.011453085174281808	0.010463032121695703
G000432435	-0.008122732929330738	0.0028006412542498156	0.03365257687492579
G008667375	0.023155621122774864	-0.0041210150183852955	0.03633439029443051
G004556705	0.02419190023988382	-0.004596782775217841	0.0072142165237221575
n293	0.01992700971173593	-0.006149080618560274	-0.0023075390954586735
n294	0.02033614211027876	-0.004460152271422834	-0.001425395286867273
G900539925	-0.0020579549135572987	-0.012859305709230774	0.015056403824905595
n296	0.022309766707622393	0.00017652658785461097	0.0024294665273950212
n297	0.02185583332665684	-0.002961738406200947	0.013566548027211089
G003150645	-0.007881919183956523	0.003978575045627472	0.008499080212097382
n299	0.019701501096631047	-0.0018903018316328414	-0.008292286702266815
G002160025	0.0018333363633022371	-0.006519531293911143	0.00760741619665242
G001305115	0.0022303051694888003	-8.013057643755878e-05	0.011859340680819369
G000154345	-0.000591720757407032	-0.012914216138260548	0.025790859411341734
G900066255	0.013058596869043202	-0.007839374352226787	0.017295614451297944
n304	0.0010284862875684416	-0.004501770464512419	0.006005834179770244
n305	0.013238227265634997	0.0006647164506044181	0.03344729592088739
G902363565	0.0028775729905449123	-0.004221177509385344	-0.00763450903939202
n307	0.004151269683273134	-0.0013962820919433535	0.014037427222922555
n308	0.019474279290726565	-0.0013780241037963286	-0.007486590108429431
n309	0.00432574438430238	-0.0023520693423242094	0.009753752531374971
G001486665	0.0027885166273966698	-0.009540867072351758	0.017455183773512475
G002160955	-0.0016300421869153549	-0.0063224499296275095	0.014636445497933222
G000157955	0.00046114667723608617	-0.005754454669546255	0.016603769750505877
G902363055	-0.018286024372278952	-0.005094200949014521	0.020498716070206938
G003324125	-0.011708456489501837	-0.0008679448738461482	0.0012167413343290448
n315	-0.00785479947820728	-0.007893889218240233	0.014559666800948274
G000162015	-0.009066438986802261	0.0009710799668853849	0.0005160818723949864
G001916495	-0.0014394659530279495	-0.0040641744431304605	0.01479422675203687
G002160895	-0.020443532006593233	-0.009601418585443647	-0.003627266714498804
n319	-0.007731437291898523	0.0010059404506100012	-0.0022180710381123057
n320	-0.01234912634256749	-0.003671242697266156	-0.008045824067510633
n321	-0.015255521664901697	-0.0040049456667913845	-0.01635627978678289
n322	0.00033797472093215864	-0.007218870005871557	0.0205731501497603
n323	-0.014766738202776046	-0.004110688818270748	-0.01930555598967902
G002160015	0.0070535822299554055	-0.00491168875513958	0.022772491377401487
n325	-0.013149122730483843	-0.003778769039577303	-0.009020399804347646
G001481375	0.02640602674957355	-0.0002117047686819351	-0.006343033176617271
n327	-0.013253923332959335	-0.0043393530942691695	-0.015488779727530096
G900066655	0.02735554552757971	-0.007648529304960008	-0.04105768868770183
n329	-0.005755728994434545	-0.0008780399834384182	-0.03236955585224671
G900104615	0.04327824353335709	0.0027505307817733424	-0.003005402813463714
G000154565	0.023826695069631382	0.012161818112578647	-0.023966571080719094
G900169495	-0.01976239811716383	-0.006948193271914366	0.009082487719887995
G900104675	0.0035052620631703044	-0.00366428849723852	-0.002376826039281333
n334	0.030380673935132364	0.013470727909932055	-0.0025152612225728195
G900148495	0.007600601288265019	-0.0011864997137339885	-0.00034305493095358085
n336	0.02265504718143601	0.008976502373249016	-0.009569722321363031
G000158655	0.004204589088870206	-0.008143409968825639	0.01775216276251526
G900095865	-0.007678150184238148	-0.005713486107578688	0.0188342979100154
G900066885	-0.0007053976700319469	-0.001491667635357742	0.013701314444889147
G000980235	0.0060683494145560325	-0.00868880838338171	-0.004065902541626533
G001941055	0.027689071435807556	0.035749243424807536	-0.005118420963853045
n342	0.006314405367250406	-0.00547881626105472	0.024297548547365613
G000210635	-0.0026409964026007276	-0.009085325831875287	0.01192702157320907
n344	0.013846218655645549	0.012298749929693145	0.009317130493438588
n345	0.000691041261767116	-0.008573745647899188	0.006972213392933823
n346	0.011075805557872187	0.010327075157277097	0.002984506687652596
n347	0.02177709653695353	0.007607738181521045	-0.013084680767012115
n348	0.008723431579672258	0.005822945083552846	0.004742936897996276
n349	0.01574418255364461	-0.006983598179835656	-0.02698336993522963
n350	0.019700692409876507	0.007301099503700123	-0.005236646091112041
n351	0.014239854641727796	-0.0016189887828433874	-0.0011629060536545769
n352	0.01667517359560635	-0.004762249686874548	-0.02596602351130836
G900552255	0.024239793418832995	-0.006558549712018516	0.006176693288244439
n354	0.015576736615499678	-0.005163920026465957	-0.03586882604768598
n355	0.020520236029601856	0.004107640742197228	-0.03962589270303524
n356	0.016345623211968342	-0.0043777405987674356	-0.024850304584113008
G001941225	0.026238111303749923	-0.006588221388091117	0.010963998081381543
n358	0.01728527584968521	-0.0013137431172174868	-0.04687841914857587
n359	0.008271704597274486	-0.011208728830741685	-0.008213634735983555
n360	0.017523380125212117	-0.0011038170416324607	-0.04383707491707687
G002161065	-0.0049455219594679	-0.009782259838200925	0.006389539995897899
G000154305	0.010283324229904951	-0.006641939831221014	0.01864488576166118
G000154245	0.002668531948317777	-0.0020252446428289652	0.013158485185732904
G000154425	0.009681868800124668	-0.004592228159887096	0.021990716216204423
n365	0.000107832040975692	-0.008583049132799189	0.021255869696898327
n366	0.0042565592938671225	-0.0036986296874910044	-5.1881157823412474e-05
G000210555	0.016293505719009744	-0.009220689655561056	0.015425267342524383
G902363555	0.0075734593325548424	-0.0023836332742565667	0.007476242965932557
G003461285	0.010038111112346001	-0.004575837365731637	0.007837178864381818
G008679325	0.02909127888513095	-0.0030429660385171277	-0.014509560744239432
G000242235	-0.009994908558643588	-0.007499303551442198	0.01872544739435605
G003014445	-0.0029755078953208384	-0.006473989677307746	0.016544545368059153
n373	-0.00569589943973454	-0.007093742552567363	0.01088776725937897
G000185385	0.003646244932963272	-0.00945347225378073	0.010429635756685573
G000431995	0.004250045797533097	-0.010578618126473881	0.04356479810328392
G902167965	0.007752723209028351	-0.004740383559706118	0.021485993103580795
n377	0.00473750952726036	-0.008491871572672602	0.004136828808242155
G902363025	0.0035605558773673797	-0.004169394775933249	-0.012495231013686742
G000159055	-0.007663811857985768	-0.005349510575697705	-0.009635405873425056
G000189595	0.0048855846943522165	-0.0030480602555590284	0.00512970480119906
G001304875	-0.017385646995384633	-0.011279660983549985	0.014034924659486114
n382	-0.004219061530011822	-0.004752768244883921	0.0011447538608672706
n383	0.0038751573261247623	-0.005375245322858579	-0.009077290015958167
n384	-0.0052847574517775504	-0.005181433423272429	0.008929662718028156
G000160095	0.014500054458346515	-0.0030888429665792607	0.006777164774962545
G003467845	0.006542333189346252	-0.0008148487620971628	0.014139814608219416
G000144625	0.003484456701412443	-0.00516743649850456	0.01103576772979507
G003432035	0.00033021627977742934	0.0054532581775380805	0.013991324888831069
n389	0.010420740583071743	-0.0028331695939333825	0.0017958138916469653
n390	0.0006488731587924585	0.0013454727146493426	0.009718741351456832
G003478355	0.003330735755699351	-0.008307020503691486	-0.01618407666623149
n392	0.006255649013561455	-0.001961217144164647	-0.0007754599751121493
G000155435	0.008535986790299701	-0.0009777549586091133	0.015126765192302988
G000233455	0.009411669944189198	-0.0030214559437198936	0.007142896936936198
G000371705	0.008698290388985695	-0.0016136816990075656	0.023574659477237254
G000431175	-0.008173403667572044	-0.015293726669758308	0.03287440725919149
n397	0.009606756738964944	-0.0027689551178522345	0.011768198852720062
G900113155	-0.002685080789441939	-0.00948595054346324	0.027428201525455404
n399	0.008972497045423501	-0.0024311276175869997	0.007587136748630919
n400	0.006211001699694079	-0.004734446333042989	0.002430438695883761
G000158075	0.006210221132840287	-0.012273289980004338	0.020596337379058284
n402	0.007600179088425277	-0.0036332621245676808	-0.001851897709714942
G003478285	0.005753914416820776	-0.00016941113758915544	0.003918477456218149
n404	0.007434554985616598	-0.003457761656760069	0.0012155996292209658
n405	0.004922998877116958	-0.00466697359427077	-0.00038740598543125966
n406	0.006911082296352781	-0.0032492035774790546	-0.004556025176185449
G002160755	-0.007445341671709383	-0.006087874922529646	0.005221741636370451
G003481825	0.0052461855780172465	-0.002577064231079232	0.008569377365093656
n409	0.005028028282550942	-0.00467234417995611	-0.015566111362028992
n410	-0.0003000994485112276	-0.005688171864570049	-0.00525321146336019
n411	0.004902164837144611	-0.004419213271930191	-0.008799383596908857
n412	-0.001904132896464972	-0.008948919576925198	0.010060822411483754
n413	0.0016727415856402448	-0.0059648183030367565	-0.023978790182072995
G003477885	-0.004864642876674424	-0.008252901155910552	0.011691584622664498
n415	0.0018053013057494614	-0.005750453598783076	-0.019372895995562002
G900066135	0.0009504807621321744	-0.010322273933296806	0.0011473197489568804
G902363685	0.015851703989849194	-0.008591143138005262	0.011130787339761921
G003148945	0.010274702554518726	-0.0005321115874214231	0.006251515992203894
n419	0.006445740335932049	-0.009054983762957268	0.021847343983407635
G003435055	0.00012089144365313982	-0.004025588183309874	0.01447566344778914
n421	0.007709780251640542	-0.006182180064452197	0.019490287503433085
G001406335	0.0014546523732406945	-0.008352770677558274	0.006367934449742414
G003481995	0.01586032176313424	-0.010225873771658714	0.015802137226612622
G003479885	0.01020335564081142	-0.001066281291692831	0.01520775912185563
n425	0.006542208683586165	-0.007687718433255145	0.023265632742794185
G000156675	-0.008609233573257116	-0.008050838219444623	-0.0030745795531982954
G002161285	0.005795393857950674	-0.006894399936819678	0.023027022272573548
G000373885	0.009265792646009954	0.008770279836417655	0.01536669510622208
G003478165	0.0011614693317610783	-0.016727822664079302	0.02503046048516431
n430	-0.00698299195363224	-0.007216967369942371	0.006204361305240861
n431	0.0061670421426302125	-0.001774222472223289	-0.005448983971600123
G000466565	0.014779924098124245	-0.00243253908484185	0.03995586488988585
G902167945	0.003774836949312078	-0.004312954516869641	0.031686402674690084
G001404455	0.012410949340893257	-0.004144709958816092	0.017044899191977828
n435	0.006699850344599871	-0.006546585174676311	0.008457714067810804
G000153905	0.002531096608500601	-0.006406577614453283	0.011311510892525216
n437	0.009300170724847718	-0.004572101668635912	0.026549170494580544
G900066505	0.009708089671985932	-0.0017746703637408054	0.00995477661564501
n439	0.006988369710044494	-0.005865078729001656	0.011275414289916574
G000702025	-0.013592918736996577	-0.01622395795164266	0.023667951727792652
n441	0.007007571306442266	-0.005332118347354409	0.005939921769113676
G002159835	0.009943045513163709	-0.0037412007733227982	0.014878418913804311
n443	0.0042919267197730725	-0.007320651570223928	0.0054615352262397145
G000157975	-0.0006910627405701578	-0.006230935466421516	0.01721436325387132
n445	0.00542133467457019	-0.006662500426692156	0.01155406309080344
n446	-0.0038091767501900985	-0.005918259836290949	-0.013318811360589286
n447	0.004720518587256174	-0.007216017794315021	0.004199666428833062
n448	0.007351169738662362	-0.006317687019921008	0.02414890989153839
n449	-0.0005322937824888684	-0.006549633524492761	-0.007535534719520589
n450	0.004907125348641954	-0.007457088016099904	0.0051297733404436835
n451	-3.173868071091117e-05	-0.006468661338514002	-0.006306170451644241
G011959465	0.01887090891706648	-0.0032348567629881505	0.014737866933582046
n453	0.0006227210870995187	-0.007383830696778909	-0.010774699968142091
G902363725	0.017400839559574922	-0.015965531125705774	0.05708544741597781
G000156035	0.000613863556835027	-0.009969070007742402	0.013560229311814283
G000209385	0.021208002845025626	-0.01582142957168825	0.02422105428061652
n457	0.002317112817442454	-0.011911287965607573	-0.008406045037554908
G003458885	0.011264233249330785	-0.008440999437131067	0.016835988954305468
n459	0.0037795744692092005	-0.012037189773942256	-0.0033295255041581877
G900066545	0.015779630722240683	-0.01416500137909229	0.01860613374303384
G000403295	0.011036738746340749	-0.01242889189553163	0.0133623472752598
G900604355	0.025841341390793183	-0.01380934630892339	-0.002767137791118834
G001404335	0.009383970932940482	-0.0059835836710832565	0.025105806699754988
n464	0.014293495686583066	-0.009552805078320965	0.03208264281173452
n465	0.025073351236506884	-0.011981491423157709	0.0040671856176565085
G000155205	0.0123086745190703	-0.013034783613759836	0.030357509587175494
G001312505	0.016550025768944678	-0.0031031726582493656	0.019066523011261736
G002160525	0.011726462319924878	-0.004717030831685577	0.026004118099972096
G000153925	0.009795680393102637	-0.010272029601738378	0.0227718251435759
n470	0.016821436534358095	-0.005452208374786187	0.021042559285035012
n471	0.011941952848601995	-0.005051645596714608	0.03152805767861699
G000526735	0.021797459986431095	-0.00565681527801991	-0.03555753050178112
n473	0.013709258050995174	-0.006011402437743307	0.0167165332313786
n474	0.02348942524452864	-0.010807273075082122	0.015875613774124876
n475	0.02274018615986807	-0.004332196314878816	-0.01405831887218194
G900142165	0.013812074547620304	-0.007487928665262768	0.01872051010485551
n477	0.022575946488899535	-0.005630154509770991	-0.025990316064430412
G001049915	-0.0064677977854724076	-0.00459855959335131	0.05356999196767717
G001280875	0.003968098667081112	-0.016384936603260326	0.051749595077527064
n480	-1.0844750991310829e-05	-0.012776226673875315	0.015358160497560155
G000155875	0.0033532120076006917	-0.009495619676832774	0.009999503634925116
G000169235	0.006038836378415205	-0.0007349192126820687	0.01084412298795319
G000154065	0.007407349617556575	-0.005522620817429919	0.026160455849755338
G003481355	0.009118807511553627	-0.015193847753832323	0.02647116546949065
n485	0.007112334621559779	-0.00026415465551661625	0.022538242719123424
G000154505	0.004405162491248971	0.006398625259483304	0.02384798240705354
G000403455	0.009174497540224204	-0.007481665080447689	0.02254645973276057
G900312975	-0.015290658500158464	-0.006108152556785957	0.01125215411139079
n489	0.0060615879511952755	0.0010677820397428342	0.025023759164860732
n490	0.008614224219709758	-0.0020092166880526134	0.017891520938343182
n491	-0.0030637042968728206	-0.002775075690323808	0.022078629463136643
G009696485	-0.004877368778790925	-0.008220864326418107	0.013917172866460983
n493	0.002167409818558445	-0.0023039128015643387	0.023432160211339776
G900066095	0.0075584849772410544	-0.011765250866836304	0.012662693405670033
n495	0.0010538183214194982	-0.0033131144904141735	0.018735262084574045
n496	0.0032306187951667447	-0.007247374776741627	0.025961887453649322
n497	0.0008219247746992514	-0.006249640366091223	0.007021887405071617
n498	0.02281386470425727	-0.005313466195790495	-0.020869300679839272
n499	0.0008653049721211676	-0.006048055866697947	0.00982180325588951
n500	0.004848515948686829	-0.011096818124294893	0.007812715012324192
n501	0.02076772102358927	-0.005696445107574636	-0.01410853578235307
n502	0.0014980441988077392	-0.007143982834212287	-0.005087922761550692
n503	0.017300006238422587	-0.00870840178554027	-0.03674062867069263
G000156535	-0.012367271070793983	-0.01868902242273715	0.018130294869261487
G000225345	-0.0010216530482860492	-0.003692965307837239	0.014126689954621676
G000174195	0.008029728116689215	-0.0015243640967728684	0.02485012518296742
G003457795	0.013983606876530955	-0.00954207085514058	0.05316052825813827
n508	-0.009710369304480625	-0.01146534280045145	0.018013574597732993
n509	0.00783734502198091	-0.002984447308527582	0.002580759486627486
G000020605	-7.269374352886745e-05	-0.004493924349540087	0.00892875688160432
G001405615	0.011587716922785533	-0.003538187457692037	0.013971313197635461
n512	-0.0015861698268691132	-0.009272134689170286	0.0010886838364002377
n513	0.005749327588370552	-0.0012459387764215712	0.004227893101806664
G900066525	0.005180818604687538	-0.0029445921808149765	-0.010267641157293015
G000466465	0.00032681286501038055	-0.0031932862679249067	0.013344927484773629
G000403275	0.008657927730113498	-0.011473497566005759	0.027242188007576613
G003490145	0.008306648175130773	-0.0015292512991561767	0.006525463971290361
G003611805	0.003035117996099568	-0.006880213528482516	0.024618736066737847
n519	0.011262703869566461	0.0012420006305640036	0.03183562230558656
n520	0.009297737155088623	-6.563412421772262e-05	0.0212783604266182
G003435925	0.006897452359799463	-0.0051215135062822725	0.017273867028743093
n522	0.004846392594415916	-0.0023087691495029795	0.00321514634938581
n523	0.0076723551709209255	0.00042472033719134045	0.02086273200649765
G001916615	0.002818912426422234	-0.013854203563569053	0.009880652862577274
G001941125	0.018977693514198538	-0.01354916692840121	0.01217921712501481
n526	0.005536474694648054	-0.0017617012528121363	0.002113064446762569
n527	0.01120754263336529	-0.002748404894576554	0.007610547497747622
G000431495	-6.0814683432698215e-05	0.006630742728930366	0.009799734981100107
n529	-0.001639994006272152	-0.008267029053559334	-0.016606257871419512
n530	0.010048173326272312	-0.0037201561419870095	-0.006286400052993546
n531	0.015080999014227634	-0.009236404487039579	-0.03261813100234146
n532	0.004688486432384991	-0.006360381996590155	-0.002612598361965149
n533	0.0015424560811614964	-0.006027300806549013	-0.022132429084668073
n534	0.014632128172305166	-0.008837941208570298	-0.02185367980357424
n535	0.027309188256414752	-0.0021683404657431905	0.0060493512238156185
n536	0.01166579067206599	-0.008999901215719976	-0.030706926801350693
n537	0.010012470222864894	-0.0030558999910228345	0.010281785099505933
G009696045	0.012487409522129246	-0.002999290956913964	-0.006331174838322505
n539	0.012448077300627303	-0.008943190666371593	-0.02718303940740773
n540	0.003053797684487098	-0.006336365454271351	0.014960608642340488
n541	0.012286926647838413	-0.009041087702200282	-0.029375372624651556
G900142265	-0.020704944966964803	-0.011392391895519629	-0.018807039021973133
n543	0.010541369622457674	-0.010936764825879608	-0.054631001422927136
n544	0.037868836084046974	-0.006072362042600499	-0.00470787430245999
n545	0.016367214324913656	-0.0025554204835186076	-0.0539979858372875
n546	0.010550330912992489	-0.01047072143664213	-0.043501125763992954
n547	-0.0016431051427364082	0.008535624406011496	-0.02003791892927461
n548	0.014787724131615814	-0.00505228719614101	-0.04933265374541936
G000173795	0.00659556390502066	-0.017183980022301187	0.03590783015732143
G000437715	0.005604658258483577	-0.0053290020869282044	0.03652908903286261
G000157995	0.007548058804957884	-0.0012400199269004294	0.018831888387280633
G900120005	0.0014087957915415754	-0.010750597117824041	0.04196685122936119
G000327285	0.011140032351761545	-0.0037774974049587877	0.02826866277390192
n554	0.007836910490509382	-0.001467671226154553	0.023527491129785628
n555	0.005680235547387226	-0.004196834615669876	-0.010526860771204467
G000425005	0.0057142181471025975	-0.003306431443977701	0.0019404150535104624
G000156655	-0.007024039992827102	-0.0011620239165858691	0.020279222760095732
G000210615	0.01104295961061377	-0.0023490416225366386	0.009746612279761351
G001398415	-0.03001372179361091	0.025919038251434327	-0.015098767141351282
n560	0.011011294379820404	0.00395243811466176	0.018493286250697204
G001688965	0.00037276095710269666	-0.012168174320346933	0.04711845110373028
G000450985	0.007248170918753401	-0.014957542820774068	0.011884121257271157
G000163515	0.00834348120233923	-0.014504231604481437	0.019080927683025342
n564	0.004837973310847491	-0.01686681914811324	-0.01829324509663907
G003434045	0.007907039814240329	-0.0015938906886733312	0.02169687220228028
n566	0.005874751308006726	-0.01536720132973483	-0.0012858443195850214
G010537155	0.00812803448912321	-0.00011888983354164136	0.0059028527479837315
n568	0.005546968757002817	-0.015003524113205274	-0.004304424172802436
G000154285	0.011909110973402918	0.0014918019319346378	0.011046955111649681
n570	0.005050332669905877	-0.013511566641466367	-0.0052068924930059836
G009831105	0.004371314088662935	0.00036466770898589945	0.004275880907366367
n572	0.004046542255786245	-0.013766230895996647	-0.020088926365783393
n573	-0.020488330509982725	0.017776790543415803	-0.012612087693742786
n574	0.0035193890440057864	-0.01288845182160024	-0.020366294602303665
n575	0.006571282178923922	-0.003301775904321817	-0.003241028855372486
n576	-0.002864725940039485	-0.005732208463940964	-0.020307798774874944
n577	0.000286407454198657	0.003668700776473581	-0.005503729302993848
n578	-0.002197157758054673	-0.005945653130465565	-0.02421733759141617
G000621445	0.009656829171749622	-0.006480153287682757	0.022492995966852464
G007293315	-0.010101084625567554	0.02513648803651898	0.014702856507279129
G007559425	0.04354715956370326	-0.00806771338602287	-0.008114134884032217
G000775615	0.025196144338439325	-0.010329300190236009	0.014972643809781984
G000007785	-0.022529869488428927	-0.012432800740853381	0.0643757602279333
G000648175	-0.025566258500542092	-0.030095778786944076	0.0605498903271761
G000944155	0.0038768971489722324	-0.009728505012838746	0.008446860383448733
G001267865	-0.011210749241598771	-0.041123415966526175	0.029804122295627483
G000174395	0.0016859702011522734	-0.030048930844066433	0.029298493648849504
n588	-0.011135241997647179	-0.021256526539627424	0.020147984393259814
n589	-0.007871465615230784	-0.007520556832448922	0.02825088057475878
n590	0.0011952072514468577	-0.005498921262599047	0.0029475871061468728
G012102505	-0.01809767491711237	0.07522046897137051	0.002502706508231831
n592	0.009507538876549797	-0.0024216563163577103	0.015411446875993245
G000463355	-0.01793817400054873	0.007804697264369635	0.03129697019317546
G000014205	0.0002374436458704381	-0.00014991874295407237	0.024374604138392254
n595	0.00013098228755914663	0.008657453172380826	0.02529220327723188
G001719865	-0.02425785081096225	0.026160862743879965	0.02259857654385676
n597	-0.0006561747202985263	0.0335922831912514	0.01693691831025166
G000785515	-0.007769733573696259	0.00509996286504633	0.01764034220212629
G000006865	0.028006750009284112	0.007519899618455192	-0.002792302169849155
n600	-0.0020581803375941004	0.03425827533902594	0.00772259617554885
n601	-0.0034072359537031882	0.04661271028379184	0.002006954952582415
n602	0.01851167122565939	0.02932700121654819	-0.002936522529799678
G000432055	-0.005041269515192427	-0.0032219488577623777	0.04365670522234201
G000813025	-0.011182089022379136	-0.009418637926562308	0.04210722146782965
G000239955	-0.007640355484044453	0.013900681205633085	0.046710056478151796
G001436895	0.006844142991513908	0.017954691431976644	0.02134757900881144
G001884305	0.001676569525858197	0.013878071119726092	0.02563745470774281
n608	0.004923997181165606	0.027444419997549416	0.025820646721653847
G001308145	0.010793144142445895	-0.005194215352080196	-0.00043956052483233636
n610	0.012110474892491714	0.03277679431369186	0.002709220928842758
n611	-0.00033386016353295243	0.007101037628937399	0.001149010507591814
n612	0.017976517697350758	0.02682119493826692	-0.02756683758147166
n613	0.013185231017986264	0.035054049741111024	0.0012564076494307416
n614	0.021110892232756546	0.013245250917261382	-0.011945263011206821
n615	0.04217297003238296	-0.009195789752691374	0.00014688905556548113
n616	0.013542758069731356	0.03771252116282742	-0.03721959784409353
n617	0.005556779711411058	0.03761087900199253	0.019613210138213006
n618	0.02745676245978484	0.022565854685724997	0.0005360710330700906
n619	-0.0034884579013867083	-0.006575245910646352	-0.04091948727778759
n620	0.0257702224982038	0.021662123160714836	-0.02103956591064015
n621	0.012401272370610587	-0.005288622041514516	-0.06478529071147113
n622	0.012034179278036516	0.005303292897517595	-0.04956436490463037
n623	-0.007702521975759492	-0.023910800555714467	-0.03796906752193217
n624	0.014887427458044205	-0.003345585811209287	-0.038626564098840833
G001512635	-0.04137538008208909	-0.022922865578912068	0.006670497350869664
n626	0.012476869230281847	-0.007609904987924609	-0.037915726237902826
n627	0.029830377075608917	-0.006699390250485759	-0.002792234163687629
n628	-0.06882229050337718	-0.02748347910042046	-0.08036882530125915
n629	0.010570062271567305	-0.009754767472368512	-0.06632628493784727
G000479045	0.021360165137955224	-0.00011697381970662288	0.014868284626795583
G900167275	0.01813261873959501	-0.0019305557100005543	0.020590651618800623
G000622245	0.014099900466543705	-0.007387024075248752	0.022776306293050518
G010367435	0.007391907508030355	-0.0033216194142796944	0.022617625316846687
n634	0.02030248313114098	-0.000449724934629448	0.01659731057918182
n635	0.017627016442731836	-0.004709668011756986	0.01791985668624693
G000158195	0.08694957990622819	-0.00536670295278621	-0.01119416351305398
G000158315	0.028417635132522302	-0.010823886287317121	0.004658732224631933
G000158275	0.02588424934948875	0.0004718230238635123	0.02767670089739837
G001854465	0.022237667180274215	-0.0023115227607170405	0.04022895999198204
G000007325	0.03156012278799429	-0.011207732430241667	0.03620908650917278
n641	0.028740105452243623	-0.007284244513750449	0.03915422138496491
G000158215	0.02571928717909426	-0.007353196288395927	0.026100706640240903
n643	0.03383112861520156	-0.013134255897724404	0.02540007065475909
G000381725	0.00670584834472102	-0.008249514503393897	0.027536117896381895
n645	0.035403421987307296	-0.013559048653791182	0.007964793866519193
G000262225	-0.0013314722917106931	-0.004675155102151423	0.048249985547366515
G000158295	0.0037025394014618997	0.005206613231210532	0.04849896375403051
G000242215	0.014768801132018096	0.0006947526367857594	0.03276689486103891
n649	-0.0050922743392632554	0.012719954248396632	0.0757855677854872
G000691665	-0.013627664003520853	-0.005424940889149685	0.05272430354036207
G000691745	-0.03452879172871376	0.004551917082779453	0.10346208000450267
G000691725	-0.010020019523920506	0.010552505026483657	0.0675796537898672
G000691645	-0.01571849471738754	0.015683795779988782	0.08296950204856673
G000691685	-0.020697077532638244	0.001975380639653875	0.07834221517562773
n655	-0.003625105133566604	0.009344528008033046	0.05504338683184112
n656	-0.015989907897410813	0.0014286826727556649	0.06737844376607521
n657	-0.013562782273891155	0.015766624467077533	0.08071098685508041
n658	0.0075971909250512355	0.003644444795889533	0.05527494256897452
n659	0.007743658396475874	0.005074345977526969	0.031132116271080205
n660	0.03594022762040387	-0.013484498193303662	0.003881295126896731
n661	0.02593212373995418	-0.006243555454363628	-0.0021863503016528955
n662	0.07782450281299186	-0.008307568066708635	-0.011731142938668932
n663	0.03693042530316813	-0.015123423536730502	0.002108473975035975
n664	0.01763564396638844	0.002241068246455429	0.02446830296273151
n665	0.07300906944963383	-0.008640331624798495	-0.006817345129186693
G000020225	-0.02113459765481305	-0.013604691359694183	0.05659637953401562
G000723745	-0.007642674795816854	0.013579688129251751	0.04558942253078102
G000436395	-0.001398740670661382	-0.015655759927489236	0.03383349740603016
G001940945	-0.006878298555458414	-0.005797567292769581	0.030926590578270706
n670	-0.02162406040362505	-0.006562273328226734	0.048543175941609285
G000980515	0.00021265667452843604	-0.014626798722810176	0.03146903132396432
n672	-0.010746763852027016	0.022108810941061034	0.05257202854886758
n673	-0.010439626346553075	-0.009370173026380928	0.05736031756923331
G000428205	-0.003818304416677168	-0.005914932962392496	0.004941404041224933
G000374405	0.02681126760208003	-0.0012745933256214734	-0.02293961811625456
G004553635	-0.004982841336846517	-0.009922274745735161	-0.032594040276811426
G001543405	-0.029785421787651284	-0.010512748977196357	0.003731080985302381
G001915415	0.03655883856706823	-0.0030619783435688985	-0.0030585042197482444
G009774865	0.0271567643184617	-0.009942708655871666	-0.011128222935861609
G000285455	-0.010152722105693386	-0.017345155424172108	0.03352719217013086
G000312145	0.004603919573308597	-0.006711278853629255	0.015386165894345797
G001941065	-0.016291268959451703	-0.0135867998195837	0.030685904622997077
n683	0.0065482965660961685	-0.0046640452089279786	0.030580679437345867
G000210575	0.02069213339056594	0.006010024236739438	-0.016986209400612698
n685	0.005712915753319871	-0.0047657897830571125	0.012016252654356293
G000265365	0.036311448411900336	-0.00247965679712713	-0.005858073002845674
n687	0.015565241410868232	0.001772746319437178	-0.018204784940085084
G900021155	0.02791415086032806	0.00017839737602207774	7.39965207774064e-06
n689	0.021852981265280486	-0.001152648738181254	-0.022833231837071883
G000154465	0.010131617066311768	-0.003888717487859061	-0.027076575345823417
n691	0.022429529216245716	-0.0007397625248790296	-0.016653630621478163
G000311925	0.026712516336414034	-0.0037619163751707618	-0.0033970698835381623
n693	0.016022395384737684	-0.0029785070333999478	-0.01966879898416176
n694	0.02969613110951495	-0.007540816681960564	-0.002614997502774333
n695	0.01586898403165909	-0.0036898990326329193	-0.02766311344279775
G900104605	0.023385350598263837	-0.010086951106855627	0.01147191820972289
n697	0.016152834285816837	-0.004820731938589668	-0.038964232857013614
G000321205	0.0010945828195756942	-0.006734390300845043	0.0172637458010168
n699	0.016687818731506775	-0.004816963810199712	-0.03677498381706504
G000427365	0.03339418059659396	-0.0018714305389131347	-0.013166320454313762
n701	0.01692388277991947	-0.004657158822356598	-0.0338883346278606
G001915575	0.029327476718939656	0.008083223220533411	-0.001171295478388039
G004553345	-0.05169659887945446	0.0043425743642642135	-0.0021129385084043386
G004561075	0.023150367469053083	-0.0003533234443808231	0.013204637268547372
G000435075	-0.0020382971795246253	-0.0048755693669966975	-0.00015816662269425375
n706	0.005819413435683741	-0.0007990993014859846	0.022173049325672028
G000431015	-0.02905841328398722	-0.00519833999770928	0.009277096083774038
n708	-0.01399408766620838	-0.0008875397722745639	-0.022516648598958817
n709	-0.002969951727188619	-0.0015731249321356384	0.013646802596054415
G004552135	-0.006100640643732503	-0.007618961752225555	-0.0024546747794361033
n711	-0.010523637385444047	-0.00012600846453066642	-0.0032647643292894827
G009774765	-0.0042318746211578795	-0.01230267010061173	0.013284980237344582
n713	-0.010269883362088408	-0.0015072619263784674	-0.007643634427097889
G002159555	0.027141204621817044	0.0020263467594084784	0.0045826876929391976
n715	-0.010430083037235052	-0.0023744417238034145	-0.012991444529131285
n716	0.017348352402835575	-0.0049568511317398985	-0.03809380196229922
n717	-0.008910084449125288	-0.0034195467795169287	-0.031085190074036973
G000190535	0.04127273355213751	0.0027584834137031914	0.019034067838374333
G001915655	0.02617002215085423	0.0036140786389729247	0.007940593524681959
G000435735	0.020758194331068527	0.005092234788325083	0.03038484001206725
n721	0.03577020429399025	0.004191095349030128	0.0322895023202304
G000243215	0.031954775265558406	-0.0037848040523663982	-0.0006718121252496562
G900091655	0.037932548547668705	-0.0018116360483982933	-0.008936405980742848
n724	0.03033812038068915	0.00177758586510337	-0.015532165546692624
n725	0.035971540253186544	-0.002641557645296463	-0.009640689699448198
G001487125	0.018197860195900875	-0.002102992469339631	0.054568920356875154
G000832075	0.032061074470183346	0.02959943118585861	0.04083902026472057
G000519105	0.04984480938943836	-0.0030404091706309395	0.005576962578536951
G001915615	0.01506928566026991	0.014717347092361046	0.006290446603973224
G900091675	0.008673925901904795	-0.012416885187817583	0.02306033252164369
n731	0.04934898147213138	-0.0009855951826463567	-0.006810215744587256
n732	0.029014645343498808	0.013134662256811215	0.006928615029645875
n733	0.04592558407691368	-0.002296405915125459	-0.008619681133207798
n734	0.03339996731283971	-0.0005107090773760879	-0.01397019149266596
n735	0.044440122856613314	-0.0013220691880197345	-0.01427422904056099
G004561455	-0.058113067469051	-0.00020683331967628841	-0.024034415704164473
G902762555	0.01955311115802644	-0.003728109640927532	0.010345597600872409
G000372405	0.019652897968830973	-0.0021162753971087386	-0.01407979150497086
G004555765	0.006532142709321996	-0.0010725640565153606	0.008028392427452503
n740	0.019492748816545752	-0.0016717376813735788	-0.012908427222258111
G000768955	0.025824498022584092	-0.007849879692140668	-0.005373392575837862
G000307375	0.019223799130001443	-0.008417777612660706	-0.02278922570663589
G000433955	0.0303322568820207	0.011178728703118484	-0.031010347720388857
G000428565	0.020858400297408344	-0.010479410338404693	-0.02002558525741194
G000969835	0.034581037932174125	-0.005459659872281566	0.019250140177258335
n746	0.019434850350592166	-0.0021898033182093705	-0.038558606749271675
n747	0.020970352862354748	-0.01064416548251667	-0.02335529266662679
G000012845	0.06743339572874836	0.0016064587037661335	-0.038920491076911326
n749	0.01948325441645286	-0.0038565582147605344	-0.0337525486856143
G002159645	0.016440639920414037	-0.008470423875772943	0.0021036742328021745
n751	0.03386124512419416	-0.00520755194235583	-0.047282516907889094
G900292045	0.02592568276430492	-0.007540073968285833	0.023918005754029668
G000238215	0.020016946705160014	-0.0031628415101517845	0.008298845769988223
n754	0.03306645746585486	-0.0060398432271813645	-0.0579622797823675
G900240225	0.03191626703826206	-0.0024018873041156906	-0.01183022979795209
G009930375	0.001769766258388871	-0.01308972445206382	0.011771348377002801
n757	0.03322398676866881	-0.005832339618582765	-0.055074839541725706
n758	0.028754120057053727	-0.0030546083477078	0.002313506556932278
n759	0.020585442084884175	-0.0037094378556137677	-0.011038756889454758
n760	0.03384642193459494	-0.005036576226364672	-0.044164624631594894
G000296465	0.037330011736868264	0.0037126924057712908	-0.022814321267058818
G000512915	0.028188145109441405	-0.0032581013017482625	0.002333695712503723
G902363425	0.03925974143820513	-0.003424189945635173	0.0053087614532401125
n764	0.03322084364322644	-0.0004418993381764777	-0.027668041341454216
G000803105	0.02633864999266949	-0.006082169602643461	0.023073145865372617
G001403595	0.03385727139996798	-0.009084978340905173	0.04221696570219263
G003479825	0.040482171576820526	-0.007408426614724998	-0.025881004557972345
n768	0.02572570521327927	-0.00964857145377398	-0.006738205970814972
G900538745	0.0241791270247635	-0.0027008625983252262	0.01069024321991012
n770	0.03767503317820101	-0.008013751178233282	-0.018020809517156296
n771	0.03407743045918258	-0.00020963829349916933	-0.018971947564992486
n772	0.037342222475727625	-0.007758608939210621	-0.015995099521591366
G900541935	-0.004629320642986669	-0.008526289189325178	-0.013581409599764095
G900548875	0.051339829008171564	-0.0023076266901719696	-0.0008877406053420333
G004557565	-0.0039847936091393105	-0.011576934642685797	0.018050498195060827
G009696565	0.00978395654838186	-0.008636606764234988	-0.000479594741011147
G004563195	-0.02328997509341803	0.001800804930830113	-0.011866516502774871
n778	0.007254915582997246	-0.009310834664574287	-0.0025971333925037263
n779	0.014476513291378904	-0.007100212275656626	-0.015560033627139208
n780	-0.007482243491242475	-0.002609263191476436	-0.007157405061696784
G001701295	0.009454253331371933	0.0012355978146559655	0.022229298842345754
G004558425	0.030941031926114367	-0.006057060295254227	-0.0020523288024540893
G004102775	0.02426084401236902	-0.003825187678726267	0.0017444550109877192
n784	0.031902936271998986	-0.0028115186836006677	0.013794022980209635
G003762615	0.02056419261981941	-0.003731027793302926	0.01012417263586977
n786	0.029318465136983125	-0.0035521969968496233	0.003078373190414301
G004792675	0.008600108163988091	-0.004385681790698924	0.021191599914209883
G004803695	0.04080804942994899	-5.960399015263921e-05	0.011204371852339282
G004102785	0.031268216704636	-0.002454405457580648	-0.0090516117586756
G900540205	0.02740014359134347	-0.0011411922441859669	0.024535351046155278
G004102805	0.01250612706793997	-0.006447783764231961	-0.0018078804843712204
n792	0.03167895992676535	-0.0023424356888170823	-0.0036461073916075515
G011959565	0.011340085212507166	-0.011997476012728542	0.016068386574033755
G004557065	0.0010200584855923653	0.008888361410961264	0.01723744652941292
n795	0.02534730664748613	-0.004466798296787913	0.0013655205259311882
n796	0.013036951737201569	-0.0030574977987114513	0.021237892923912947
G001689655	0.015876217801510863	-0.001753740386254837	0.028911268166644716
G004115465	0.021464335801820316	-0.0033778185755976324	0.015939648607328147
G001689425	-0.015982590359690897	0.005216445992438434	0.053667989190417986
G004803915	0.026468112517968337	-0.00878070383390072	0.028422539104134427
G003762875	0.031694519682720065	-0.003054722552388929	0.01891638416745688
n802	0.025087789837521947	-0.010506432260991691	0.009758072205716633
G001701255	0.046578805859225886	-0.004475946291527101	0.005218839120024662
n804	0.028012471724157106	-0.00771385465551388	0.007892905598829268
G900542815	0.01279274902596719	-0.002597835290705615	0.020440621710098552
G900551515	0.027279752468255623	0.0012461952145868206	0.006738990740408953
G003762745	0.018068265784330996	-0.006136205444291154	-0.001416838259441763
G003762715	0.02249105560089568	-0.0052560318580975925	0.009836872267252803
n809	0.02516891145552953	0.0030065061453938805	0.019664870913766366
n810	0.020000479923785123	-0.005298896809294697	0.008297649612475129
n811	0.017975974648133396	-0.004340680004434239	-0.008974335206445713
n812	0.035950610344121635	-0.006042705313516163	0.009941204700624198
n813	0.02040456002430635	-0.0028402658365686063	0.003517733811626791
G011959405	0.027174337684335418	-0.006938061887977551	-0.005174540569726223
n815	0.0242795770489693	-0.004864057764372069	0.0032665274438888996
n816	0.025498299214041013	-0.0038869250662068784	0.006697722663674828
n817	0.02462670956251423	-0.005212751012845475	0.0019001239069802807
n818	0.033160992854711725	-0.0002929549770717748	0.007993839699743752
n819	0.02385242420521415	-0.005701370048436439	-0.011079121260439735
n820	0.026908296590735105	-0.005503997312706842	-0.015540169236399845
n821	0.024098018475018267	-0.005946757619818479	-0.016725425569010927
n822	0.0072581260015809395	-0.005919772983273039	-0.010419049921524065
n823	0.02467974298933816	-0.006002438126046815	-0.01846543177490842
n824	0.0342600287251655	-0.00608096456092304	-0.030744099875065805
n825	0.015917472281972787	-0.00761413871235128	-0.03202074088069615
G000012825	0.03350130175220304	-0.0066977235558564555	-0.03527877577203514
G000438035	0.03354656263544882	-0.006755137973667651	-0.03632067506012113
G000436135	0.03446156916856294	-0.009447427830223294	-0.050819351680515545
n829	0.03291192126963788	-0.007411864546837298	-0.04510911317304893
G000438395	0.09016468745596636	-0.0011114134659839102	-0.027265347345705154
n831	0.03201327286887464	-0.00914708711904074	-0.06476811324781691
G000613805	0.040535322668282615	-0.010730235930140488	0.00811607010895195
n833	0.036650922232901166	-0.008832866311831557	-0.06115531639367536
G000154845	0.061617281028128884	-0.010065324434089976	-0.02750028733912856
G000436795	0.07727181529449197	0.0008086884493448519	0.0028726358005929835
G000190575	0.03449175403369567	-0.006135065567946958	-0.007812763645541237
n837	0.06231868169405075	-0.009770780976277428	-0.02468517757357608
G000434735	0.025332479790583017	-0.004506254490998099	0.005529125338773884
n839	0.06054761789638912	-0.00907120903284323	-0.01847166043206417
G000157915	0.018734693086535394	-0.012785310182560286	-0.03252090326193694
G000187895	0.05911161627662918	-0.0014061509925348329	-0.052944698363234226
G000374585	0.04587127259751218	-0.0006337240381829903	0.01975320106268622
G000436055	0.06211993816778853	0.013280923686400199	0.03028461882585817
n844	0.051160194275858495	-0.0042688882255191435	-0.037474100732863475
n845	0.04799374440221407	-0.0029992749386357456	-0.010514849594138625
n846	0.05948038756974017	-0.009385785286797845	-0.021371648533740843
n847	0.05121240848114073	-0.004069690779760493	-0.03431204831438553
G900066445	0.050484081545233206	-0.002138813253918761	-0.009147537865878958
n849	0.05309205182859819	-0.0058745989628394965	-0.041089062654949444
n850	0.03673130411693649	-0.008742731770136418	-0.05986533807585607
n851	0.05208897685953202	-0.0069662740501255675	-0.05599624074868366
G900291465	0.03155124550412318	-0.0093474899615742	-0.01265031140064528
n853	0.040853007880746986	-0.010643538302819718	-0.06981626528683899
G003438995	0.04544810238266174	-0.004240837075170982	0.009548887939074309
G900128905	0.04259767420551848	-0.0016853129952788012	0.02477442592415897
G900104585	0.03804139110405821	-0.007324821519819151	0.026648871307209224
G010500965	0.03621712967243996	-0.004449452594997714	0.024402018389634537
G000315485	0.025924242633302782	-0.003668839122057397	-0.011852478520487441
G001318345	0.023187919624089354	0.0012627221079356096	-0.0037347561718554557
G900108345	0.038615643306075975	-0.0012742799765665073	-0.019807473900106797
G900128475	0.005373553363693005	-0.00657361864242072	-0.0355637577792233
G000154205	0.024792687830673496	0.00416168664724522	-0.05044583307729226
G000195635	0.0169947880263216	-0.008106086424171757	-0.013604753151013269
G000154525	0.06826605076706253	-0.011919136385009448	-0.04538848410593367
n865	0.024255053328869708	0.0038927060263408354	-0.03492543250763542
n866	0.013123597365385011	-0.005175952376631645	-0.0336174701031854
n867	0.04651117166888273	-0.002481808782266623	-0.04578320590938922
n868	0.024430814694914597	-0.0025051841247846953	-0.018221086530780053
n869	0.04086924109493892	-0.0036770665353126515	-0.05226329373515382
G007896885	0.04067683877368753	-0.004457149273046308	0.018111520166803157
n871	0.04012574039697548	-0.0038796884731891776	-0.054829300756258706
G000381365	0.08491582363184681	-0.004950221017283154	-0.016382962967358892
G001915435	0.035781225283128354	-0.0059700516080497135	-0.008246640741879967
G000009925	0.019951142762481843	-0.008467286592811782	-0.003355487483609662
G000599385	0.02266909041034864	-0.009661562425509165	0.0026680637612375106
G000598465	0.020108522516260892	0.0021785060140993694	0.016365678874426
G000598965	0.02499753346636511	0.005270920572140081	0.06969819002091956
n878	0.022507575945377903	-0.007057155596934265	0.022706217275261148
n879	0.021084933871197583	0.001984583440229518	0.01987812316490786
G000434095	0.03686219336007971	0.0020267813821727505	0.02994819767227202
n881	0.022500561101829106	-0.004769102530361074	0.03860616157309489
n882	0.07704658553145144	-0.005152932315969343	-0.016720923443840525
n883	0.017600575212385814	-0.01053549283199021	-0.04087290346877184
G000499785	0.030118355614842822	0.000169533624216117	-0.0014505747662511908
n885	0.03705853210274422	-0.010773284406482682	-0.03301285207430344
G000011065	0.026221966993045066	-0.004260254315571962	-0.008036459206596248
G001314975	0.04167923454134748	0.004290490641670063	0.022389336068361274
G000437995	0.0511643811567293	0.001664763070285641	0.00996802349453524
n889	0.03023357718268052	-0.0018904207493056226	0.0019560234006696523
G000433375	0.06596081235235984	0.01730507977712823	-0.024648740465112836
n891	0.031207857991697167	-0.0025476037117494374	-0.009805637160869086
G000433575	0.04492925162672503	7.020995314401028e-05	0.021591584700086257
G001915455	0.03659567561141326	0.0003888035599893135	0.010791629904454104
G000436855	0.06132171972415716	0.006722155070316801	-0.004781577520913649
G001915495	0.06494121291633308	0.007386262891247962	-0.008156996340879
G000159075	0.024549542946898435	0.00701463193715257	-0.002311455625762569
G001314995	0.02023253295980724	0.000623100101313395	0.006862319749471664
G000436435	0.026194109956652434	0.0048011613599095206	-0.018495960482820067
n899	0.020153302197412355	0.0011874221353408293	-0.01047467978936493
n900	0.062192783781501434	0.006875375331394422	-0.015084044524183876
n901	0.021639998221146955	0.001587573796314206	-0.02081947059038908
n902	0.036020327532417254	-0.0009137228256570445	-0.012077995009052548
n903	0.03118786603796537	0.0011179868223665122	-0.021602523988177337
n904	0.041200917620626616	0.0019173578260121157	-0.02333584387987403
n905	0.031959246790773145	0.0008869957597563235	-0.018204085867053448
G000614145	0.036817297477218215	-0.003672953802390241	-0.013105035303222198
n907	0.0360318575156623	0.0006765155090375793	-0.03218658380740089
G000511775	0.024770216910138563	-0.010456215307383792	-0.0011608292462148345
n909	0.03571207859398691	0.00010440509595049862	-0.03672902367792592
G000517545	0.05886544768925255	-0.003053230513438974	0.009301141920162173
n911	0.03593058030183971	0.0004495788044305715	-0.028983070847184947
n912	0.037241965176428665	-0.010241412742644701	-0.02757002259327941
n913	0.03556468273190646	-0.00015627709415552736	-0.036438704297550764
n914	0.03999051880267034	-0.004034344893025294	-0.056915619528481134
n915	0.03551142823016314	-0.005243347304540934	-0.03856011943787531
n916	0.03770137407117581	-0.0056911145106703365	0.03593491233238454
n917	0.03829606697051302	-0.005690253899891399	-0.060549852628197176
n918	0.04616998482069408	-0.004026253756970803	0.02029809775887179
n919	0.038412990731266125	-0.00555890213202708	-0.058734852330325646
n920	0.0412542194779769	-0.01015393886489429	-0.06288293554551826
n921	0.03783161981739243	-0.006227293533296908	-0.06774241207123195
G000205165	0.025642279651005517	-0.0010714580993427022	-0.013176042395683497
G000436895	0.05712321420596235	0.0059857200230785095	-0.019136722344278725
G902385285	0.002440111181325936	-0.009757465548774269	-0.03160310484758177
n925	0.03850912948898695	-0.0005346443930222758	-0.04244895905720138
G011960185	0.02276010548045014	-0.00600042806289044	-0.00881047699953711
G004558535	0.00873637670980686	-0.0038686741303671007	0.011999590530547439
G000437675	-0.03730182690863338	-0.009337711317031417	-0.004508620188579901
G900106785	-0.01241462147069626	-0.0034824798026681036	-0.030070670065465894
G004562975	-0.014550086983938082	-0.014203333412618037	-0.003239883887655955
n931	-0.01434795145368089	-0.002646603159066278	-0.014340560719105236
n932	0.02187713289840907	-0.005279749810266481	0.008649389183345992
n933	-0.015890684056612005	-0.004759297942465524	-0.027705846899663367
G004555055	0.01706124094057728	0.0047939471733762775	-0.0029305591533816894
n935	-0.011616139666000957	-0.005376680440383363	-0.022954901307336035
G000159995	0.012404920155553237	-0.006696303325282312	-0.009034044644428774
n937	-0.01081617628048657	-0.005266793982044107	-0.019443440542263574
G003265305	0.016144624865788375	-0.010281156537192153	0.014063859981212758
n939	-0.009827612807021375	-0.005491633733275245	-0.018988901523690906
G900316315	-0.02060337502759454	-0.003879422157241516	0.012063828212559712
n941	-0.010342904361885008	-0.006305114789296651	-0.029363031315106338
G004562255	-0.02375821588167232	-0.010780153421694522	0.006393788209289403
G004792655	0.012136930991720092	-0.004009536925290619	-0.012590268308742455
G002251205	-0.04329235279652125	-0.008178704920863953	-0.018192984639952593
G000025925	-0.035417389156658985	-0.008815969581110179	0.01723669962249887
G002251435	-0.011967848096791323	-0.008961599881293096	-0.010122912502569218
n947	-0.041988991575194104	-0.007326010540387916	-0.004725396436178853
G000436695	0.013274110431361603	-0.009425478757254647	0.029093195963288132
G001275135	0.03496381100257742	-0.005964797469031354	-0.007959619598059403
G000834015	-0.04095293220602046	-0.0018891070827224033	-0.005862251003807278
n951	0.03439624594372206	-0.006960974617587643	-0.02219791028953415
G000585355	-0.03507888043491638	-0.005081874733138865	0.01195770134275928
n953	0.019974905441524516	-0.006651968501732854	-0.010099494984603056
G000431935	0.04522559827214225	-0.006985126334678649	0.045924328410899475
G900079775	-0.007495858305615941	-0.0032479024761923278	0.00707325956472036
G000235885	0.00880821023554703	-0.008771662306216298	-0.009220256987979092
G000437535	-0.03712684856036836	0.0035825432090494922	0.03345412116163594
G000434975	-0.052240056855362975	-0.004209535685564114	0.012689589073424361
n959	0.006562957639385185	-0.008227945600342457	-0.008640406025043791
n960	-0.008468314352577598	-0.006799795433479115	-0.03637546897398426
n961	-0.0026098675769312316	-0.009969834620348908	-0.03955057596807645
G000379965	-0.032400340587335805	-0.02081034965799678	0.054823233377474447
G000613985	-0.03476526811398295	-0.022453064932612954	0.06707589499493508
n964	-0.042826013219332174	-0.017261133085207703	0.003060271580337923
G001444445	-0.022516402836025084	-0.004857567591344446	0.014849586453869894
G000177075	0.026672336320872597	-0.004524384630374207	-0.0010985567191325572
G000455445	0.0018817560140099955	-0.01046432929658953	-0.00254736031421601
G000436915	-0.03937909628927652	-0.009397922655979404	0.016331128525004308
G002251365	-0.014062114105880404	-0.009302919193701712	-0.001440428190254054
G000262545	-0.0038967517115163206	-0.002844691961881809	-0.00033385175688696144
G000378745	0.020697257603615234	-0.0016659211583479319	0.005161516640628062
G000144405	-0.06086596313882073	-0.010445213248845186	0.03262380193202856
G001683355	-0.04007299893907509	-0.009649675485302139	0.033787049072002646
G001262015	-0.04376250480746323	-0.00800896629198367	0.03376968752795054
n975	-0.05108226865510782	-0.006280543265324896	0.026277517829364
G000191065	-0.013211098844826998	-0.004372248295838902	0.019647712598598713
n977	-0.04711496578473355	-0.006159152048416078	0.0235008534315967
G000613925	-0.0344815639989472	-0.0159096978554518	0.024564926694825483
n979	-0.032138478370388156	-0.004676193928788465	0.014700566822500129
n980	0.001739014441661028	-0.0034873509294436602	-0.011229550047968462
n981	-0.032564570925702016	-0.005521881675441389	0.008993619643860595
G000430525	0.02595996247456401	2.9401487358549464e-05	-0.00044277150864892377
G000688375	-0.0010699378440202163	-0.012776112627008337	0.021978438173775306
G000613345	0.018544986633529277	-0.0026382412821592516	0.006842738748018891
G000220255	-0.004018316270830736	-0.010232092809289923	0.0197374300436081
n986	0.021405694315289558	-0.0019445843879537623	0.015642945385662972
n987	0.014646732005404263	-0.0026331658446750884	0.00812873426590304
n988	-0.009690796395971504	-0.0038663442188742025	-0.0028227176076335197
n989	0.017108885508805113	-0.003913221654249883	-0.009941137169098845
G900539795	-0.04130233176359809	-0.003974868793347059	-0.018875394413767062
n991	-0.0005958969000936106	-0.0046989396865544635	-0.01761007745435444
G000218235	-0.03142040803603347	0.0027963793863607024	0.02047939910136927
G902777695	0.006585945772014568	-0.010576314155234091	0.02541283501620582
G000160535	0.007281598022202452	-0.005710654819750699	0.024023969071573177
G000758925	0.018831247311424337	-0.0021893764318776147	-0.005420870641162234
G000242335	-0.057187925504364	-0.004498743307617976	0.015147124749035536
n997	0.017732936085231105	-0.002153410214629464	0.0016405831804067032
n998	-0.014164449155485955	-0.007705950533943613	0.0258413047332992
n999	0.0023320699663805294	-0.0025408753864859346	0.0030927224596501166
G000613785	-0.05314005266728076	-0.006364215798560881	0.019316785473706546
G000185845	-0.003922892560610383	-0.003527294963916992	0.007318380407039329
G000426585	0.01662138189616448	-0.005745543143127976	0.0019486631840094964
n1003	-0.015112700048367091	-0.0042318215032025736	0.008059608138941726
G000434515	-0.0835315317455176	-0.0015077453904566139	-0.004528966389282069
G000436035	-0.041892512707022794	-0.0009762979677387884	-0.006490303131117547
G000157935	-0.10084989378570773	0.0015061232387096955	-0.05193677535705367
n1007	-0.05815406494794538	0.0007404859537100939	-0.0026477171187801836
G000431915	-0.07899238894330497	-0.005028644169346067	-0.0028311694338073244
n1009	-0.09624944745138324	0.0021430302663577277	-0.03824484190991166
G000435635	0.0013858729502075951	-0.011613676618623092	0.006318748691905474
n1011	-0.09721782130290328	0.0011136692226775661	-0.05248052997840247
G000179055	-0.0351049641043286	-0.008959113140734833	0.060166071100389296
G900103315	0.005759733125548627	-0.022182655971928616	0.06479891565551625
G000426565	-0.04282714310249667	0.013061691279181536	0.07415873063632425
G000613525	-0.054443315573278354	0.012143241416867094	0.043315224809339956
n1016	-0.02282276715335771	-0.010081033997583122	0.009865481975530483
n1017	-0.06277068710464141	0.003245582467220463	0.0049081059306472635
n1018	-0.09445113311197677	0.001345935944833991	-0.039901924753179815
n1019	-0.04465855618613656	-0.005105526312516496	0.019074678207385638
n1020	-0.0004042613351976361	-0.006656502214255901	0.007666808569647156
n1021	-0.09419619276008437	0.0005304998908175664	-0.04712659483730164
n1022	4.696681460649285e-05	-0.004420796354230629	-0.01102302584818387
n1023	-0.08746154790560827	-0.0005810144589997036	-0.03925663223249248
G000762865	-0.01001932012834446	-0.008128279251479513	-0.006536466187508362
n1025	-0.0807011882163253	-0.0008436978010388963	-0.03426681317882465
n1026	-0.011851862107653965	-0.005528151483203451	-0.025532779356170723
n1027	-0.07945687264879638	-0.001387388267631587	-0.03584935200792038
n1028	-0.021825355698023303	-0.008534678894295166	-0.005702818151458158
n1029	-0.07048616838871757	-0.003029730052675215	-0.04438351344334438
n1030	0.01285620856203821	-0.008684604366806186	-0.018895219446799238
n1031	-0.07013814209840345	-0.003576335149395641	-0.049363329739601225
n1032	-0.03481338817322189	-0.009096949332609463	0.0123664656891492
n1033	-0.06590202320160603	-0.003858075369761516	-0.0376657724964928
G004553245	-3.008638866459004e-05	-0.006237670040937246	-0.006919909479201318
n1035	-0.06652192363346918	-0.0047204095433289175	-0.04882411517037487
n1036	-0.004589093266845189	-0.008160991951354585	-0.030500145833047842
n1037	-0.06543427182500897	-0.004399437704871035	-0.04057359799271475
G000146675	0.006958823155015709	-0.010536163063275657	0.004762805583137974
n1039	-0.053779159881371996	-0.007071395780069353	-0.057732401276259435
n1040	0.018112349765108785	-0.0071318361598420995	-0.014552636127635705
n1041	-0.053529946388784715	-0.006925917858401045	-0.055284408124221356
n1042	-0.031740836294169884	-0.007811125437009574	-0.010485082920297178
n1043	-0.049448220321511055	-0.007302981284549703	-0.0558320191549481
n1044	0.007782076288305592	-0.005352943661478839	-0.016769956345518148
n1045	-0.04945140844415103	-0.007636487342352404	-0.05948335645828082
n1046	-0.010319925402243933	-0.006212863136174858	-0.028233424592577508
n1047	-0.04928600855814197	-0.00814278336876874	-0.06670282385485866
G900543375	0.04051243231621047	-0.0022524566136817186	0.0007845110663347737
n1049	-0.04605076235391851	-0.007537053680937117	-0.056882089872774835
n1050	0.026629936889250697	-0.004732966504805989	-0.0453686113412394
n1051	-0.045588914625087955	-0.007327602354427688	-0.05329250822115258
n1052	0.039058132844049596	-0.009359948816607072	-0.07753985110153751
n1053	-0.03390655781149908	-0.009153053779251012	-0.07464841642397553
n1054	0.025283633619815407	-0.007950395284593141	-0.0344294771083306
n1055	0.012384414476382385	-0.012161504592076329	-0.09093598949477937
n1056	0.03381205945078924	-0.004825798069568874	-0.040919402924504945
n1057	0.012843283309250232	-0.011821008510456053	-0.08600089586666322
n1058	-0.046886370578780465	-0.0006118066716523469	-0.01150798524637679
n1059	0.013422073475098734	-0.011898404320959432	-0.08920676917830847
n1060	0.034897710733517016	-0.0026870014459725576	-0.042634905499382536
n1061	0.012928111609934815	-0.012382535860376735	-0.09581100881584007
n1062	0.012529558716990675	-0.005991022416799691	-0.04556321738614615
n1063	0.013619711453979612	-0.011630276930720088	-0.08600845323097854
n1064	-0.003319270316537209	-0.010575891671262405	-0.012655816391336039
n1065	0.01313462353439707	-0.012085970848416686	-0.09289128314790426
n1066	0.02014221457090875	-0.004994817140063342	0.00022527137723172741
n1067	0.012824383027466855	-0.012430197428170142	-0.09736222544175868
G900142485	0.005885921572224381	-0.00925033907293034	-0.006467408001463096
n1069	0.011694390437194958	-0.013715746510949612	-0.1145371740247081
n1070	0.017501539166745277	0.021816400502631873	-0.009690030644976068
n1071	0.012755765647771611	-0.012505849342229482	-0.09811967636878058
G000701705	0.01843975474831768	0.0068883422424241515	-0.0003144022157576465
G900116045	0.02033476686965675	0.011545125955343233	-0.02436193572589625
G000763135	0.0013063046163257581	-0.04552976772045651	-0.011910369200032021
G000349975	0.01868554568161983	-0.028132236388644594	0.008504138097994031
n1076	0.013089239676853512	-0.05313133539217711	-0.019983986381840218
G000686565	0.036158977988342035	-0.03241955500688541	-0.03588652867167585
G000434135	-0.01953444349331462	-0.05375689056840383	0.04818871368054966
G001917135	-0.009428245894221835	-0.046044542573305376	0.054437734375930885
G900544565	-0.03521230625115798	-0.039989927978959255	0.05204285691892645
n1081	-0.013432451549674594	-0.0553901356981095	0.05591407286340108
G000980655	-0.0444557012137844	-0.009947008439819131	0.06178297904118916
G001917125	-0.0417237120637564	-0.016220629489170295	0.05650007732993003
G000436195	-0.02164177052174005	-0.0056588908773320245	0.03762015407745444
n1085	-0.046640339286094054	-0.009696155630117751	0.06534040638741287
G900538765	0.009221658626799228	-0.008931824681914466	0.017329120294649444
n1087	0.013872250407217193	-8.997210916901276e-05	-0.00043803416179144186
n1088	0.0020010431268449244	-0.018168851896245914	0.008241251392796594
n1089	0.025981812446713087	0.0018944865121558953	0.014247599140097126
n1090	0.04037220845163956	-0.0038654592403851887	-0.003081047336643739
G009929575	0.028338310713364945	0.0003920325968992975	-0.017970307379481115
G000250875	-0.010271073860018022	-0.025417118073104625	0.017069856376164837
G000297775	-0.008404944447550782	-0.029182761456008375	0.01723677546029353
G000411515	-0.015819263132896725	-0.023735225247100717	0.04297304633627575
G000432615	-0.0070121296754215925	-0.019224398974248953	0.04708375050567386
n1096	-0.012386723979994312	-0.028835229155486825	0.027156816967782476
n1097	-0.020925443899139463	-0.024432691939025433	0.006739621874201792
G000434855	0.01188295551401584	0.0050642151221126025	0.022870108627685737
G900128485	0.01208083672524271	0.005697304334884077	0.023891872256942146
n1100	-0.02431343316961505	-0.02238265680609687	0.003666101940178534
n1101	0.008386227964338805	0.0012364370438547238	-0.032405593442139016
G000980495	0.02030842883012256	-0.012650031366474513	0.012312056968156949
n1103	0.0028808663866424352	-0.00287007258564369	-0.024677356050636343
n1104	0.0034472486035867006	-0.004650286604988926	-0.032604688049077665
G000186425	-0.005376642682623338	-5.4686321772450865e-05	0.013962102635378991
G000818035	-0.00166406353826828	-0.003482557202501336	0.007125555383760992
n1107	0.0037407303270885544	-0.004312601299997474	-0.025996067570125653
G000160655	-0.007746303911899909	-0.001077251179016658	0.022958803175405707
G000239355	0.0024291722955092484	0.006095325717226586	0.031287246687793445
G000007145	0.021040456475620417	-0.014769107468278423	0.01608453851874892
G001908775	-0.006483048896022733	0.0005798386979046098	0.026024959705256128
G003072045	-0.009332509509428369	0.05053436938944167	0.022935297361327343
G001584645	-0.009963030202328995	0.0208831992500003	0.02881884476437333
G000188195	0.008200632369742928	-0.00852260087401403	0.02114629757619838
G900445225	0.01229675367958792	-0.02916400144406395	0.01232846860849598
G004557545	-0.0028328230945164437	-0.0023465713325386355	0.016291606446506703
G004556245	0.013268245646428908	-0.020484842921467534	0.013390664174645711
n1118	0.017315914254556097	-0.022324667958952195	0.016934018063235422
n1119	0.0019516860967931833	-0.010843161403189805	0.023293826113384368
G000025565	0.00045316360981022085	0.016282633136397953	0.026224159959705645
G010592515	0.0007369842960024465	0.06238262394336182	0.03147881049413733
G000694955	0.03091530555069342	0.04687553985949898	0.02145602615943701
n1123	0.0009892304849410515	0.06733898027767016	0.03363512030059957
G000735515	0.0006900903353671467	-0.024513143096191174	0.03147085667456538
n1125	0.011083410651232282	0.0866427799530136	0.019400408030488595
G000164865	0.00013806619288488447	-0.022469183627509614	0.03212525597122878
G000757785	-0.002368281379287177	-0.019852530222394218	0.031124326988648063
n1128	-0.003503722492956874	-0.0343030110528988	0.05363277641073927
G000735455	0.008741072589596577	-0.04300276689310585	0.03399753474452662
G000735365	0.005772774169244416	-0.020394665736942593	0.03806900563315447
G001571285	-0.01242491576158548	-0.0003426000984678685	0.0377456704273289
G001022195	-8.156951642444951e-05	0.020419899464968878	0.03759024075266425
G902160675	0.0016489022944318988	0.013410153543789712	0.03561838859717573
G000247895	-0.0012677709202307311	-0.01350287575694217	0.033351370755925785
n1135	-0.00882570791271119	0.049162302531449174	0.02711932605924995
G000215745	0.013466101402069174	-0.02981753527080527	0.04498926188475647
G009937725	0.003516594194631074	-0.0043329457563978345	0.0211900807336863
G000240185	-0.0058143379853532705	0.047203460227472405	0.03055053988624117
G001066585	0.011551150103639633	0.0015373888111032514	0.02408691516311704
n1140	0.011845216277619896	-0.023485996161808464	0.03872857621909089
n1141	-0.003661552275336591	0.04389454484020634	0.014644866743500259
n1142	-0.01019744756175117	0.05325780481552297	0.03466604142603879
n1143	-0.0037324580764753357	0.0448901184035373	0.01947337616683655
n1144	-0.005095899820612613	0.01908852727432609	0.029350609936329587
n1145	-0.0005769505230422222	0.06235024897654965	0.008876919144411556
n1146	-0.0002690040442498221	-0.023349234686081334	0.04917908796439798
n1147	-0.000930787876812862	0.06619339142160423	0.013271869969407676
n1148	0.010576207650326158	0.09045785096451818	0.009391362636501577
n1149	-0.0013316422700193936	0.06649206590127751	0.022533478524396713
G000648515	-0.01089263080509424	0.04355319174591809	0.02920470604744927
G001558935	-0.008258420733364523	0.0299840104334888	0.043085850484152664
G000195995	-0.013675908707428767	0.02456141088962716	0.04829863484832296
G004127505	-0.008351117016501439	0.012571936391908432	0.03149714338610795
G002032965	-0.016197467695710094	0.030790069053244412	0.021410639018849546
n1155	-0.01015206756515765	0.027064596419330348	0.05560852410659553
G007581405	-0.004445959372241192	-0.04790569037840983	0.030875117424238402
n1157	-0.011692723237123314	0.059956338803682174	0.02034174966503057
n1158	-0.01400627190115824	0.0586584064845417	0.0383341513140246
n1159	-0.010888214020476149	0.05415360578866677	0.028191259033450752
G000777575	-0.02601573226470205	0.112913643319045	-0.004160217232578866
G000778805	-0.02046983068555801	0.0979839997398992	-0.003424497039601064
G000781475	-0.021038743991979348	0.11722683988096792	-0.006115277675248752
n1163	-0.02600231321417113	0.11373254495139118	-0.005249326735917071
G000944855	-0.021020338464278372	0.1360280243735008	-0.007531954908253853
G001283625	-0.019007674612570153	0.13174653136019865	-0.013756553149778859
G007998125	-0.01963688644697714	0.1341508228298137	-0.0076713594846407685
n1167	-0.02124998061349759	0.13581150001542053	0.008373692103017343
G000008865	-0.02130915965090959	0.13403895635462587	0.018764332289733888
G000299455	-0.023891811022565993	0.12780684643919404	-0.00019210432772295106
G000026325	-0.018850293102265898	0.12840940432750902	0.015241044321331748
G000026345	-0.021709250653647937	0.13301127533123683	0.0159827436114855
G000183345	-0.02134596712588135	0.13397681328995234	0.010026751862531366
n1173	-0.02187143104801308	0.1332824765709414	0.02039290752082331
n1174	-0.02037352960100235	0.1353353820022466	0.010156723357396254
n1175	-0.021776209617511477	0.13334226595744536	0.03368065862734947
G000006925	-0.021720103108439314	0.1338654060269754	0.006447367048466754
n1177	-0.02102150600680506	0.1340490142704033	0.011569980814612413
G000012005	-0.02060891614755785	0.1335311518030341	-0.002475696901374096
G012357415	-0.021146160952494674	0.13420690466927315	0.0156526705145624
n1180	-0.021054551926886052	0.13399278577473245	0.0036412523694078444
G008273775	-0.022910935674388604	0.1258705201773982	-0.00760324433750929
n1182	-0.020389445879593664	0.1348158947453066	-0.004584944456337832
n1183	-0.020817017231311498	0.1339377408733794	-0.015512479390455686
n1184	-0.022223298569016333	0.12392536653013757	-0.005199465331597791
n1185	-0.020980675462458208	0.13446086503694665	0.010817123658799265
G000777875	-0.02333595510033055	0.11547333421817539	-0.014341175384467098
G000779535	-0.02571647278398062	0.11689226327859073	-0.008905329747510423
G900227605	-0.013576113698610528	0.09574291732171983	-0.007801850102170245
n1189	-0.020873261204811828	0.13447566059693006	0.008540279045466025
G012161415	-0.027768917504195342	0.10221410783791579	0.020752564272495496
n1191	-0.019983854526030506	0.13375901804646428	-0.018595931635507223
n1192	-0.014811493105969579	0.06603077037808443	0.04011289300159729
n1193	-0.019890762764507817	0.13379444758532738	-0.02785690886962129
n1194	0.0032071744376648056	0.08194556191538761	0.019877857422814026
n1195	-0.016195209705368058	0.13560986612991363	-0.029277553463420702
G001022135	-0.0013300867519521842	0.007230411598676721	0.03118264932324487
n1197	-0.009690997885822525	0.13080275234998262	-0.02480069938897018
G000982825	0.0032231997423899862	0.021959862201545166	0.026533514246368073
n1199	-0.012746270349965458	0.13073935273486964	-0.02814403258607388
n1200	-0.01302675001593112	0.12999376349842853	-0.04298626299908179
G000784965	-0.01265076632586163	0.05694194427259965	0.01482578703310699
G001586165	-0.0080755005065683	0.0009214434028768966	0.027613637068023934
n1203	-0.01303924382695624	0.13001983682521148	-0.042795716697297814
G000238795	-0.0026612448579995413	-0.003089587693115946	0.013232817089330308
n1205	-0.012642094284997987	0.12967353075872837	-0.05383879817491632
n1206	0.012781691838460051	-0.01814581562646251	-0.006629209535104275
n1207	-0.012662770040956539	0.12990136678671838	-0.045974798852345525
n1208	-0.013409011276122776	0.07866811123265312	-0.005830006002971104
n1209	-0.008791658966975091	0.11699686419831373	-0.05952875736551853
n1210	0.018379453662293207	-0.004347975370237461	-0.022744670450588717
n1211	-0.008033742600702817	0.11713984292030882	-0.04529435757199421
n1212	-0.008927066815770006	-0.00031547401415383684	-0.0020120267912789825
n1213	-0.004431822701650506	0.10745144290606067	-0.023425836011382213
n1214	0.00426394978835196	-0.004076849182066984	-0.024539622657278135
n1215	-0.0058525582133175935	0.10452382461163079	-0.039601309433619405
n1216	0.040513394151764325	-0.005663348000356482	-0.010561105031527119
n1217	-0.005813187370583938	0.07427005604453042	-0.05999308790957888
n1218	0.026291541317377654	-0.04190579995811824	-0.04643677331171854
n1219	-0.0025037438778795773	0.0714574735582637	-0.04775381570161811
n1220	0.030531953782626207	0.013208602147249986	-0.034670682611843695
n1221	-0.000260173040675696	0.05785484098510911	-0.04253083150558213
n1222	0.013757693276076137	-0.011210587031110343	-0.08249271015055339
n1223	0.0010122354400293734	0.05234663975708431	-0.04757987431022124
n1224	0.07025935211087146	-0.011424627259359303	-0.03986882991355949
n1225	0.012949203968476512	-0.003654023416838243	-0.06989014390731157
n1226	-0.041140584471551805	-0.022598180987614184	-0.07568600751385036
n1227	0.012306282197387016	-0.004910719682097588	-0.08809710045697013
G004561445	-0.03855678342296311	-0.01047344803968367	-0.0341565725844083
n1229	-0.008278830749809002	-0.014597307041690917	-0.09823085832649713
n1230	-0.0019130964075472852	-0.012904509891252797	-0.00013225361240843685
n1231	-0.008694372623594869	-0.015062073510827341	-0.10454034027168137
n1232	-5.205714201962212e-05	-0.00015838954799913456	-0.0012711365040311193

Site	82	3
14577.EM.TP1	-0.07793560565516822	-0.036363777624102755	0.21784654322087832
14577.GK.TP1	0.1144184507786202	-0.03754105832556498	0.15821344586858022
14577.AB.TP1	0.13998205648795126	-0.14921410388760525	-0.0035084309300833505
14577.JR.TP1	0.02142608980269564	0.157485837039949	-0.08351342118035678
14577.MA.TP11	0.017729712674332345	0.14817468530089462	0.3265307703122043
14577.MA.TP1	-0.05897283603741186	0.21405797871382476	-0.001915423244043235
14577.RC.TP1	0.11399525397387286	0.07239389348394087	0.03120497170253321
14577.TB.TP1	-0.129053240866416	0.20513950453307062	-0.1425739337508108
14577.TK.TP1	-0.15297438201632751	0.16185204934193642	0.0196726001521451
14577.GK.TP4	0.06804644506863708	-0.13467681217550914	0.06674368521896215
14577.EM.TP3	-0.15172156405636505	-0.03191361569338934	0.07765426198996031
14577.AB.TP2	0.048725692707610346	-0.17216725344554334	0.2530701434034079
14577.EM.TP2	-0.21590039549912846	-0.16894929014135113	0.1335620638266406
14577.RC.TP2	0.12689276244853423	-0.04164222582160684	-0.06092665991906631
14577.TB.TP2	0.003653392985518876	0.1326897763882897	0.007729478943524423
14577.TB.TP3	0.006492206273161979	-0.13492748153732215	-0.15850479056637043
14577.TK.TP3	0.06030076803407121	-0.015667336819961495	-0.06705701769135479
14577.EM.TP8	-0.13866164599186337	-0.1115334627681811	-0.09449063702481353
14577.GK.TP7	0.09291102831628804	-0.12930331211035753	-0.01888856953081147
14577.EM.TP9	-0.1363097348833931	0.0187452904763132	-0.1479699023828511
14577.MA.TP8	0.062007838928395814	0.15154253713654703	-0.181876105503067
14577.RC.TP5	-0.027331818323106376	0.013478915829159263	-0.10871268112802121
14577.EM.TP10	-0.17246366275185573	-0.054255333842440676	-0.027915215634067958
14577.EM.TP11	-0.05706138855537409	-0.13286015392934603	-0.09472349715472476
14577.EM.TP7	-0.16590235511867	-0.10393292884771199	0.01132741752221787
14577.TB.TP9	-0.16377125761378486	0.05738033523208911	0.0665290476480715
14577.EM.TP5	-0.16569698117692247	-0.22203140998989554	0.016413436148558676
14577.GK.TP8	0.1282534736605763	-0.1032602254581361	-0.04146591995178844
14577.AB.TP9	-0.06857299049832075	-0.12025583009412649	-0.12453016648916534
14577.AB.TP8	-0.028785596849193074	-0.030734612855301394	-0.12298246653104289
14577.TK.TP7	-0.14142036702230643	-0.011457510814499593	-0.01833100494959843
14577.TK.TP6	0.02586257566441511	-0.044698764303751415	-0.09387237308964652
14577.MA.TP9	0.0505597566018929	-0.07770792324967088	0.064445162102236
14577.TB.TP7	-0.16726291335173182	0.0786606497477873	0.06748837469979894
14577.RC.TP3	0.10809327109324057	-0.17056956206361434	-0.01877383407987017
14577.AB.TP10	0.10674213835796004	-0.022078338044494328	-0.026986042293221178
14577.GK.TP11	0.13468426960236993	0.09138117056718859	0.06032524245977986
14577.AB.TP11	0.018939306468905185	0.2012742911305185	0.010808552889768367
14577.JR.TP11	0.13564677036283518	-0.003974724324570177	-0.06460257214968083
14577.JR.TP2	0.008733914860948584	-0.0118516768886763	0.008808330719723164
14577.TK.TP9	-0.12237581592135649	-0.22333351671910925	-0.07347929117796038
14577.TB.TP11	-0.09256151736791329	0.07654158693652234	-0.11307952088787701
14577.TK.TP11	0.11034544076582138	0.1813731255698061	-0.027083804619369562
14577.JR.TP9	0.10601386855982194	-0.1231555295361587	0.058184468048298334
14577.JR.TP7	0.07458476413746302	0.09097349522143543	0.17248037503868507
14577.GK.TP9	0.07082488572876257	-0.042394683047218266	-0.16764945948980386
14577.MA.TP6	0.04293589917374675	-0.04003288453843198	0.380215480406399
14577.GK.TP10	0.1466011234202254	0.10002257934830934	0.06942413388786833
14577.JR.TP10	0.20449659297804976	-0.020052918556599676	0.07067699798663589
14577.RC.TP8	0.07378931525736537	-0.013663670267158659	-0.16424879509659648
14577.MA.TP10	0.08010469529130797	0.1272623373405708	0.0478466447675389
14577.TB.TP6	-0.1925444013208565	0.07626240051406388	0.024252344060663414
14577.RC.TP10	0.13102623672430386	0.16343219569163084	0.012821143197999913
14577.RC.TP11	0.07767441397507378	0.16148411512468122	0.0005078821433393866
14577.GK.TP3	-0.11896501680389902	-0.10077716008576673	0.08579775415476104
14577.RC.TP9	0.04418615263633497	0.144874579632301	-0.0052766474477677575
14577.GK.TP5	0.0764242566629849	-0.1096617133221479	0.024653859961912307
14577.MA.TP4	0.024288548316775547	-0.11092944961123744	-0.09585991899098076
14577.AB.TP5	0.14237697016627568	-0.05187027831361173	-0.0767698946403789
14577.MA.TP5	0.1288309953545591	-0.005548927780234046	-0.045968069507004536
14577.MA.TP3	0.030960474192616785	0.1335577651076744	-0.13522024858619383
14577.RC.TP4	0.08414341152873728	-0.14680598766242667	0.07795885969996072
14577.RC.TP6	-0.035753406091401645	-0.006494257721581335	-0.0811143445342423
14577.AB.TP7	0.034495005993330226	-0.010585534127308331	0.09820079862336871
14577.TB.TP8	-0.21098644448668663	-0.06816419300891256	0.02686678198389224
14577.TB.TP10	-0.10908009872667748	-0.07507256489531978	-0.06923776145574878
14577.TK.TP8	-0.09451784494409297	0.05423396673443918	0.0617636994719466
14577.TK.TP10	-0.028243935354909176	0.05308780577802658	-0.0785927734054359
14577.TK.TP4	-0.1524080049409749	0.16054308371579373	-0.012959615386815228
14577.TK.TP5	-0.180918147618107	0.03632899355045906	-0.06496107363235915
14577.EM.TP6	-0.10264730731336104	-0.04700892309970421	0.015896912825457753
14577.AB.TP6	-0.08922601599515606	0.04685567755294686	0.34604483122539553
14577.EM.TP4	-0.039385060909373035	0.04933586802071694	0.11204087162519492
14577.JR.TP3	0.010299823869122784	-0.09239096733498191	-0.019269417998177232
14577.AB.TP3	0.1349457118744274	-0.040321425206374106	-0.05560435896315331
14577.GK.TP2	0.08796827308741793	-0.040868230913727197	-0.08876251768743817
14577.JR.TP6	0.17100731232919925	-0.10989304980598459	-0.02632344779783431
14577.MA.TP2	-0.12462100563578113	0.0934521990342193	-0.09260656385250379
14577.AB.TP4	0.09185469420875245	-0.0463956730091892	-0.08771976778521653
14577.GK.TP6	0.10667014857384137	0.17386463546239253	0.053191839721728314
14577.RC.TP7	0.08850231998091973	0.015504161187524916	-0.0004911024905887232
14577.TB.TP5	-0.05541575024218696	0.15574277717489046	-0.05080014705213238

Biplot	0	0

Site constraints	0	0
