Species	Axis1_63.4	Axis2_34.2	Axis3_2.4
G000337895	-0.007923631	-0.017167042	0.0252752
G000337735	-0.010328423	-0.016170287	0.026574163
G000980375	0.030067602	-0.0040578	0.011998212
G001899425	0.010707732	-0.009850001	0.01208269
G000236865	-0.027575408	-0.017962626	-0.011281391
G000210055	-0.026414495	-0.018205216	-0.011655256
G000814825	-0.010517197	-0.011855168	-0.004516232
n7	-0.026578175	-0.017826899	-0.011125411
G003340315	-0.012955819	-0.003817731	0.006545036
n9	-0.02326074	-0.016348579	-0.010035372
G000311845	-0.009306985	-0.012634877	0.014936036
G000321165	-0.011137494	-0.014470545	0.006007823
G002160065	-0.010203548	-0.014745025	0.010674472
n13	-0.010555423	-0.014037296	0.008669403
G000195315	-0.009187055	-0.013800634	0.011893279
n15	-0.010702198	-0.014378157	0.006285714
G000169035	-0.023349789	-0.010858159	0.016216707
G001405375	0.001563747	-0.006583909	0.019511809
G000434535	-0.005977471	-0.005304768	0.025549872
n19	-0.015557362	-0.010269103	0.009271996
G001404695	-0.026351815	-0.008155028	0.009240585
n21	-0.014236502	-0.009354594	0.014160068
G000821265	-0.012043803	-0.013018999	0.002879757
n23	-0.020378782	-0.011822578	-0.022527681
G900176655	-0.022373012	-0.012822725	-0.004876546
G902501965	-0.017738844	-0.013221188	-0.007516571
G000156175	-0.007679012	-0.014827554	0.001699144
G000156215	-0.011480239	-0.014683312	-0.008121801
G900119895	-0.011996088	-0.014393185	-0.00436146
n29	-0.010419973	-0.015143649	-0.010480072
G000225705	-0.009487366	-0.013401613	0.001820136
n31	-0.010370858	-0.014540023	-0.002894002
G900046475	-0.011645172	-0.01378215	-0.003507497
n33	-0.010584764	-0.014828269	-0.008225867
n34	-0.019449184	-0.013249368	-0.007742245
n35	-0.010840921	-0.014834446	-0.009469815
n36	-0.018966175	-0.011435919	-0.012439878
n37	-0.013397697	-0.014273095	-0.009103668
n38	-0.010008325	-0.013747283	0.014672108
n39	-0.015604492	-0.013538444	-0.017311675
G900143685	-0.037927632	-0.015955076	-0.010351585
G901212675	-0.065912273	-0.012389174	-0.013433941
G000752675	-0.0130562	-0.010438453	0.030104655
G001494635	-0.011647079	-0.012329753	0.034917872
G002159625	-0.001223762	-0.011354391	-0.004780953
G900606105	-0.020986315	-0.012572678	-0.013892987
n46	-0.01514112	-0.012506768	0.00644231
n47	-0.013099858	-0.010948105	-0.005598552
n48	-0.013711805	-0.010759438	-0.001873118
G000565075	-0.018207711	-0.015587069	0.011269244
G000233535	-0.007668806	-0.01554418	0.019506364
G900155635	-0.010392414	-0.01167351	0.017962582
G000468755	-0.011570835	-0.010434764	0.019719966
G001457795	-0.020208274	-0.01133251	0.019812844
n54	-0.008499701	-0.013445583	0.020428549
n55	-0.01686038	-0.011740557	0.026641447
G000524335	-0.011021521	-0.014274042	0.023947156
G900101655	-0.01252636	-0.007783726	0.011470664
n58	-0.01193549	-0.012699852	0.021283652
n59	-0.012135722	-0.007488182	0.030639847
G009695875	-0.026115541	-0.013253946	0.017227965
n61	-0.015073418	-0.009226079	0.018806693
G000468855	-0.020626694	-0.012459775	0.015632137
n63	-0.01828403	-0.010785626	0.000667585
n64	-0.014123436	-0.011288372	-0.00666751
n65	-0.017921119	-0.009690336	0.015230372
G001552785	-0.022557428	-0.015904767	0.009345701
n67	-0.015437214	-0.011429253	-0.008623642
n68	-0.054093044	-0.015323846	-0.023251937
n69	-0.015827514	-0.011735062	-0.011106764
G004793665	-0.026998631	-0.010113363	0.001423057
n71	-0.034807474	-0.012817004	-0.012024265
n72	-0.016310693	-0.014929084	-0.033390908
n73	-0.035460221	-0.013592737	-0.023693676
n74	-0.023053769	-0.015788588	-0.018326603
n75	-0.025972442	-0.016398321	-0.047768398
G001042695	-0.038799282	-0.018498696	0.019402404
G000376885	-0.033087685	-0.020111221	0.012928045
G000738005	-0.031259236	-0.024252995	0.029177736
G000741705	-0.035438315	-0.024567824	0.027907379
G000304215	-0.036149176	-0.023168653	0.022435685
G000737865	-0.033814186	-0.02234955	0.023810631
n82	-0.035355225	-0.02294679	0.018702332
G001263395	-0.039680466	-0.024636101	0.019280411
n84	-0.034789824	-0.024504779	0.016606389
n85	-0.036733792	-0.023289104	0.015012793
G000159155	-0.03318369	-0.016879637	0.029901865
G000025205	-0.035568125	-0.023912349	0.026063285
G000741765	-0.033188883	-0.025379519	0.019661947
n89	-0.037804258	-0.023425966	0.011839774
G000741285	-0.040236587	-0.02343845	0.014503888
G000741775	-0.035159786	-0.021755948	0.015604902
G000741525	-0.036750516	-0.022884448	0.021056472
G900094885	-0.038037051	-0.021816902	0.021783483
G003315635	-0.033309427	-0.024426797	0.014916985
n95	-0.04141303	-0.023051395	0.015972969
n96	-0.036965597	-0.022352327	0.017457029
n97	-0.038933368	-0.022316896	0.022191869
G000741645	-0.038727494	-0.024744368	0.012320691
n99	-0.039887833	-0.020938416	0.024850005
n100	-0.035114675	-0.023949481	0.019516223
n101	-0.040874486	-0.021634296	0.016172985
G000741255	-0.044328508	-0.017554565	0.01841792
G010667615	-0.046240053	-0.021231438	0.005790707
G000741205	-0.038554239	-0.020416862	0.019015955
n105	-0.048459851	-0.019673081	0.017407177
G000741135	-0.047948645	-0.021550957	0.011899814
G000800475	-0.037945846	-0.021943295	0.020659307
G000741575	-0.03903727	-0.022647636	0.007705958
n109	-0.045320813	-0.020753088	0.018801839
G000022965	-0.040024656	-0.022520556	0.01438939
n111	-0.044364288	-0.020768441	0.014999061
n112	-0.047833778	-0.020193337	0.019917344
n113	-0.044743515	-0.021008054	0.009615599
G000010425	-0.033251338	-0.010069677	-0.002586414
G001042595	-0.039509976	-0.018253506	0.010997915
G000741165	-0.054514055	-0.021699683	-0.018211775
G001042635	-0.051820557	-0.021909485	-0.011965066
G000165905	-0.045881637	-0.018961306	-0.01416204
n119	-0.052687568	-0.021208992	-0.008741491
G000741785	-0.072203446	-0.02158724	-0.033256422
G001417815	-0.074440859	-0.022237081	-0.051980848
G000741175	-0.098170064	-0.026221287	-0.051623631
n123	-0.074235596	-0.022377676	-0.052225785
G000007525	-0.038137007	-0.013110466	-0.011541862
G001025175	-0.041006051	-0.017144569	0.001606376
G000741695	-0.046235301	-0.027740624	-0.047030864
G000741715	-0.047780867	-0.02573256	-0.005944422
n128	-0.038523596	-0.013890635	-0.003727147
n129	-0.045581239	-0.02691924	-0.035718819
n130	-0.08550512	-0.025194807	-0.058135819
n131	-0.044451903	-0.025546209	-0.048605267
G001025155	-0.042594523	-0.018542355	-0.008176701
n133	-0.073338082	-0.026135552	-0.057029946
G002259685	-0.035637624	-0.022349887	-0.013119804
n135	-0.072877941	-0.025708617	-0.051520208
n136	-0.051079063	-0.020883051	-0.014821078
n137	-0.072839046	-0.025981139	-0.055221667
n138	-0.037550887	-0.011129652	-0.012184482
n139	-0.072003203	-0.025620617	-0.050768115
G012932365	-0.052178183	-0.023952358	-0.023076551
n141	-0.071426033	-0.025101951	-0.049403718
G000741215	-0.042738204	-0.022768253	-0.009771348
n143	-0.071634231	-0.025590102	-0.055799362
n144	-0.047031893	-0.02218056	-0.005325508
n145	-0.07140303	-0.025458423	-0.054005999
G000347695	-0.042016921	-0.023158166	0.00696339
n147	-0.071555029	-0.025787016	-0.058358403
n148	-0.040974528	-0.021913598	0.012828624
n149	-0.071120019	-0.025315401	-0.051962094
G008698165	-0.08076552	-0.040744127	-0.046741244
n151	-0.071537523	-0.025928133	-0.060172202
n152	-0.035652393	-0.023304087	0.017429402
n153	-0.071589986	-0.026904257	-0.059968086
G002259605	-0.040201131	-0.022328006	0.006015016
n155	-0.071952035	-0.027363284	-0.06621812
n156	-0.034401671	-0.020693825	0.025420451
n157	-0.072079958	-0.027526129	-0.068439136
G000466245	0.013117533	-0.001556594	0.032961139
G001553935	0.001901221	-0.019110247	0.033696989
n160	0.010441523	-0.006374994	0.014444042
G000269805	0.001770469	0.003661347	0.015783169
G000239695	-0.009417334	-0.012900862	0.007902432
n163	0.010701297	-0.006392464	0.013934798
G900106855	-0.022879613	-0.015331378	0.004883598
G000296505	-0.024091398	-0.019388885	0.007529299
n166	0.000384642	-0.011526992	0.005197311
n167	-0.021998757	-0.018034457	0.01759601
n168	-0.073796571	-0.029497328	-0.095169189
n169	-0.008521347	-0.013105198	-0.00973546
G000767175	-0.031460999	-0.000174911	-0.027102382
n171	-0.071200752	-0.026694095	-0.05810982
G000763765	-0.005693441	-0.011688508	0.010472669
G008040105	0.014429044	-0.012342205	0.005643414
n174	-0.071766585	-0.027529355	-0.074209985
n175	0.012697935	-0.007428325	0.025440342
G000277715	0.006836049	0.000584881	0.004464588
n177	-0.072295418	-0.02818219	-0.083338397
G000318135	0.004947847	-0.000230158	-0.003934737
n179	-0.072034279	-0.027884341	-0.079834014
n180	-0.026397984	-0.017114821	-0.055468159
n181	-0.072855626	-0.028845246	-0.093488403
G900103425	-0.062414418	0.001181845	-0.013692304
G000434475	0.00618734	0.004048289	0.019647227
G000177555	-0.034687737	-0.006432744	0.02157748
G000221545	-0.042740082	-0.004630272	0.021799886
G000478965	-0.033739116	0.002472879	0.026190319
G000165735	-0.042154239	-0.004385007	0.01802478
G000283495	-0.045091467	-0.002392447	0.023534749
G000455225	-0.049123142	-0.005181901	0.028571896
G001045675	-0.049065584	-0.002975956	0.022198293
n191	-0.047299331	-0.004695335	0.015321979
G003467125	-0.048125174	0.000437483	0.021332399
n193	-0.048307522	-0.00520445	0.02539899
G900103535	-0.044215702	-0.003079857	0.020143798
n195	-0.049269778	-0.00562684	0.022535382
n196	-0.044924136	-0.001744581	0.028627918
n197	-0.050305304	-0.006419692	0.01881663
n198	-0.040101027	-0.00673624	0.014489349
n199	-0.050293199	-0.007524645	0.01491299
G000024945	-0.008892734	0.003750508	0.014569051
n201	-0.048904624	-0.007644908	-0.007225527
n202	-0.073553146	-0.001657635	-0.016478852
n203	-0.043335618	-0.005151361	0.006140133
G000230275	-0.000186698	-0.007997815	0.016999706
G000025305	-0.027616002	-0.011018932	0.008443599
G000188175	0.002169283	-0.008612694	0.021134253
G001916865	0.000475352	-0.005763031	0.045508363
G900545025	-0.002543606	-0.014392635	0.002107078
n209	-0.000311688	-0.010341758	-0.003677077
G000436295	0.003371867	-0.005878328	0.043716325
G900683765	0.001564273	-0.008992386	0.046588535
n212	-0.001619422	-0.011643147	-0.000454963
n213	-0.001416545	-0.010337777	-0.002318078
n214	-0.020806158	-0.009417294	0.000866909
n215	-0.002705029	-0.011772868	-0.012968979
G000245775	0.017266445	-0.019477976	-0.017806192
G000423385	0.009174665	-0.01554389	0.021041527
G004341685	-0.021141523	-0.018859142	0.01506209
n219	0.016403377	-0.020233119	-0.025793336
n220	-0.006967038	-0.012327448	-0.020923602
n221	0.015221834	-0.021281751	-0.033985215
n222	-0.061790116	-0.004042838	-0.01465375
n223	0.012810953	-0.020596274	-0.016655169
G902363595	0.002381159	-0.009813497	0.008162457
G900086585	0.005238257	-0.002089789	-0.026313189
G001855385	-0.011393789	0.022719036	0.011004636
G005048345	0.001596978	-0.002956845	0.001754727
n228	0.005169706	-0.002816139	-0.021803497
G000156055	-0.015238593	0.022934675	-0.036548972
n230	-0.00557664	0.03138591	0.013437163
G000013285	-0.001751922	-0.009789573	0.001137175
n232	-0.00366914	0.008031516	-0.014672901
G900552655	0.020349998	-0.015753807	0.020021559
G900552765	0.00484167	0.000216809	0.017327249
n235	0.032115707	-0.007544231	0.029674276
G900553625	0.02684111	-0.009589833	0.011581818
G003343915	-0.012902293	-0.011024647	0.0132687
G001940855	0.025735477	-0.018066378	0.005350094
G004557245	0.020599292	-0.007674614	0.014892837
n240	0.034081864	-0.014278144	0.022210457
n241	0.032542108	-0.012602824	0.02054496
G004557415	0.000377579	-0.010284065	-0.027237376
n243	0.006185365	-0.012562681	-0.020334145
G004556445	0.013389884	-0.017559125	-0.001964967
G000398925	0.003540572	-0.010489415	-0.023678147
G900604335	-0.001124651	-0.003777798	0.013715168
G000701665	0.011308528	0.005343036	0.026468438
G001305135	0.026335276	0.016660269	-0.001013541
n249	0.003706299	-0.008095914	-0.008871344
n250	0.027096867	0.017277969	-0.005784936
G902364485	0.005606331	-0.006986463	-0.002339551
n252	0.008191094	0.000747139	-0.035272161
G000435555	-0.011403735	0.020009875	0.025235078
G004556045	-0.00096058	0.013056136	0.035281825
G900545585	-0.004118713	-0.003427053	0.028714577
n256	0.004901884	0.01370513	0.028468516
G004557655	-0.01788917	0.035822059	0.006097746
n258	0.007141604	0.011047781	0.016867592
G000765235	0.006386792	-0.000175507	-0.003236962
n260	-0.005750229	0.029517581	0.005552003
G000469445	0.021370995	0.01083827	-0.012154678
n262	0.000162004	0.016461029	0.001542929
G000177015	0.003856285	-0.001780023	-0.013585969
G001244495	0.022325378	0.005537576	0.006862883
G902363075	0.003053136	-0.003960619	-0.004610325
G001244995	0.007913455	-0.002015938	0.023515063
G001454945	0.010444371	-0.001521566	0.013337586
G000169255	0.00482535	0.00390671	0.01020826
G001688625	0.03678286	0.014380175	-0.041786279
G900199495	0.006904521	-0.006743454	0.003390543
n271	0.034766292	0.013002871	-0.030164008
G900169975	0.018977133	-0.001396082	-0.001737528
n273	0.032835623	0.011058743	-0.021273775
n274	0.009962724	0.001456783	0.016731352
n275	0.031882352	0.010073728	-0.024082217
n276	0.005104713	-0.001938858	-0.012775211
n277	0.03046164	0.008732259	-0.03257256
G902387315	0.021466849	0.016064037	-0.012083104
n279	0.025071243	0.005144231	-0.037120395
n280	0.011560414	0.016806098	-0.013844955
n281	0.02443059	0.005410564	-0.038276496
G004552795	0.024349837	0.001825278	-0.001810259
n283	0.024345062	0.004944055	-0.041886502
G900544945	0.010573045	-0.004898105	0.008280886
n285	0.025157394	0.005720346	-0.029015806
n286	0.008847172	0.001468564	-0.018624211
n287	0.024366206	0.004787261	-0.041221596
G004563615	0.01602347	0.000877204	-0.00503927
G900540535	0.016167499	-0.011453085	0.010463032
G000432435	-0.008122733	0.002800641	0.033652577
G008667375	0.023155621	-0.004121015	0.03633439
G004556705	0.0241919	-0.004596783	0.007214217
n293	0.01992701	-0.006149081	-0.002307539
n294	0.020336142	-0.004460152	-0.001425395
G900539925	-0.002057955	-0.012859306	0.015056404
n296	0.022309767	0.000176527	0.002429467
n297	0.021855833	-0.002961738	0.013566548
G003150645	-0.007881919	0.003978575	0.00849908
n299	0.019701501	-0.001890302	-0.008292287
G002160025	0.001833336	-0.006519531	0.007607416
G001305115	0.002230305	-8.01E-05	0.011859341
G000154345	-0.000591721	-0.012914216	0.025790859
G900066255	0.013058597	-0.007839374	0.017295614
n304	0.001028486	-0.00450177	0.006005834
n305	0.013238227	0.000664716	0.033447296
G902363565	0.002877573	-0.004221178	-0.007634509
n307	0.00415127	-0.001396282	0.014037427
n308	0.019474279	-0.001378024	-0.00748659
n309	0.004325744	-0.002352069	0.009753753
G001486665	0.002788517	-0.009540867	0.017455184
G002160955	-0.001630042	-0.00632245	0.014636445
G000157955	0.000461147	-0.005754455	0.01660377
G902363055	-0.018286024	-0.005094201	0.020498716
G003324125	-0.011708456	-0.000867945	0.001216741
n315	-0.007854799	-0.007893889	0.014559667
G000162015	-0.009066439	0.00097108	0.000516082
G001916495	-0.001439466	-0.004064174	0.014794227
G002160895	-0.020443532	-0.009601419	-0.003627267
n319	-0.007731437	0.00100594	-0.002218071
n320	-0.012349126	-0.003671243	-0.008045824
n321	-0.015255522	-0.004004946	-0.01635628
n322	0.000337975	-0.00721887	0.02057315
n323	-0.014766738	-0.004110689	-0.019305556
G002160015	0.007053582	-0.004911689	0.022772491
n325	-0.013149123	-0.003778769	-0.0090204
G001481375	0.026406027	-0.000211705	-0.006343033
n327	-0.013253923	-0.004339353	-0.01548878
G900066655	0.027355546	-0.007648529	-0.041057689
n329	-0.005755729	-0.00087804	-0.032369556
G900104615	0.043278244	0.002750531	-0.003005403
G000154565	0.023826695	0.012161818	-0.023966571
G900169495	-0.019762398	-0.006948193	0.009082488
G900104675	0.003505262	-0.003664288	-0.002376826
n334	0.030380674	0.013470728	-0.002515261
G900148495	0.007600601	-0.0011865	-0.000343055
n336	0.022655047	0.008976502	-0.009569722
G000158655	0.004204589	-0.00814341	0.017752163
G900095865	-0.00767815	-0.005713486	0.018834298
G900066885	-0.000705398	-0.001491668	0.013701314
G000980235	0.006068349	-0.008688808	-0.004065903
G001941055	0.027689071	0.035749243	-0.005118421
n342	0.006314405	-0.005478816	0.024297549
G000210635	-0.002640996	-0.009085326	0.011927022
n344	0.013846219	0.01229875	0.00931713
n345	0.000691041	-0.008573746	0.006972213
n346	0.011075806	0.010327075	0.002984507
n347	0.021777097	0.007607738	-0.013084681
n348	0.008723432	0.005822945	0.004742937
n349	0.015744183	-0.006983598	-0.02698337
n350	0.019700692	0.0073011	-0.005236646
n351	0.014239855	-0.001618989	-0.001162906
n352	0.016675174	-0.00476225	-0.025966024
G900552255	0.024239793	-0.00655855	0.006176693
n354	0.015576737	-0.00516392	-0.035868826
n355	0.020520236	0.004107641	-0.039625893
n356	0.016345623	-0.004377741	-0.024850305
G001941225	0.026238111	-0.006588221	0.010963998
n358	0.017285276	-0.001313743	-0.046878419
n359	0.008271705	-0.011208729	-0.008213635
n360	0.01752338	-0.001103817	-0.043837075
G002161065	-0.004945522	-0.00978226	0.00638954
G000154305	0.010283324	-0.00664194	0.018644886
G000154245	0.002668532	-0.002025245	0.013158485
G000154425	0.009681869	-0.004592228	0.021990716
n365	0.000107832	-0.008583049	0.02125587
n366	0.004256559	-0.00369863	-5.19E-05
G000210555	0.016293506	-0.00922069	0.015425267
G902363555	0.007573459	-0.002383633	0.007476243
G003461285	0.010038111	-0.004575837	0.007837179
G008679325	0.029091279	-0.003042966	-0.014509561
G000242235	-0.009994909	-0.007499304	0.018725447
G003014445	-0.002975508	-0.00647399	0.016544545
n373	-0.005695899	-0.007093743	0.010887767
G000185385	0.003646245	-0.009453472	0.010429636
G000431995	0.004250046	-0.010578618	0.043564798
G902167965	0.007752723	-0.004740384	0.021485993
n377	0.00473751	-0.008491872	0.004136829
G902363025	0.003560556	-0.004169395	-0.012495231
G000159055	-0.007663812	-0.005349511	-0.009635406
G000189595	0.004885585	-0.00304806	0.005129705
G001304875	-0.017385647	-0.011279661	0.014034925
n382	-0.004219062	-0.004752768	0.001144754
n383	0.003875157	-0.005375245	-0.00907729
n384	-0.005284757	-0.005181433	0.008929663
G000160095	0.014500054	-0.003088843	0.006777165
G003467845	0.006542333	-0.000814849	0.014139815
G000144625	0.003484457	-0.005167436	0.011035768
G003432035	0.000330216	0.005453258	0.013991325
n389	0.010420741	-0.00283317	0.001795814
n390	0.000648873	0.001345473	0.009718741
G003478355	0.003330736	-0.008307021	-0.016184077
n392	0.006255649	-0.001961217	-0.00077546
G000155435	0.008535987	-0.000977755	0.015126765
G000233455	0.00941167	-0.003021456	0.007142897
G000371705	0.00869829	-0.001613682	0.023574659
G000431175	-0.008173404	-0.015293727	0.032874407
n397	0.009606757	-0.002768955	0.011768199
G900113155	-0.002685081	-0.009485951	0.027428202
n399	0.008972497	-0.002431128	0.007587137
n400	0.006211002	-0.004734446	0.002430439
G000158075	0.006210221	-0.01227329	0.020596337
n402	0.007600179	-0.003633262	-0.001851898
G003478285	0.005753914	-0.000169411	0.003918477
n404	0.007434555	-0.003457762	0.0012156
n405	0.004922999	-0.004666974	-0.000387406
n406	0.006911082	-0.003249204	-0.004556025
G002160755	-0.007445342	-0.006087875	0.005221742
G003481825	0.005246186	-0.002577064	0.008569377
n409	0.005028028	-0.004672344	-0.015566111
n410	-0.000300099	-0.005688172	-0.005253211
n411	0.004902165	-0.004419213	-0.008799384
n412	-0.001904133	-0.00894892	0.010060822
n413	0.001672742	-0.005964818	-0.02397879
G003477885	-0.004864643	-0.008252901	0.011691585
n415	0.001805301	-0.005750454	-0.019372896
G900066135	0.000950481	-0.010322274	0.00114732
G902363685	0.015851704	-0.008591143	0.011130787
G003148945	0.010274703	-0.000532112	0.006251516
n419	0.00644574	-0.009054984	0.021847344
G003435055	0.000120891	-0.004025588	0.014475663
n421	0.00770978	-0.00618218	0.019490288
G001406335	0.001454652	-0.008352771	0.006367934
G003481995	0.015860322	-0.010225874	0.015802137
G003479885	0.010203356	-0.001066281	0.015207759
n425	0.006542209	-0.007687718	0.023265633
G000156675	-0.008609234	-0.008050838	-0.00307458
G002161285	0.005795394	-0.0068944	0.023027022
G000373885	0.009265793	0.00877028	0.015366695
G003478165	0.001161469	-0.016727823	0.02503046
n430	-0.006982992	-0.007216967	0.006204361
n431	0.006167042	-0.001774222	-0.005448984
G000466565	0.014779924	-0.002432539	0.039955865
G902167945	0.003774837	-0.004312955	0.031686403
G001404455	0.012410949	-0.00414471	0.017044899
n435	0.00669985	-0.006546585	0.008457714
G000153905	0.002531097	-0.006406578	0.011311511
n437	0.009300171	-0.004572102	0.02654917
G900066505	0.00970809	-0.00177467	0.009954777
n439	0.00698837	-0.005865079	0.011275414
G000702025	-0.013592919	-0.016223958	0.023667952
n441	0.007007571	-0.005332118	0.005939922
G002159835	0.009943046	-0.003741201	0.014878419
n443	0.004291927	-0.007320652	0.005461535
G000157975	-0.000691063	-0.006230935	0.017214363
n445	0.005421335	-0.0066625	0.011554063
n446	-0.003809177	-0.00591826	-0.013318811
n447	0.004720519	-0.007216018	0.004199666
n448	0.00735117	-0.006317687	0.02414891
n449	-0.000532294	-0.006549634	-0.007535535
n450	0.004907125	-0.007457088	0.005129773
n451	-3.17E-05	-0.006468661	-0.00630617
G011959465	0.018870909	-0.003234857	0.014737867
n453	0.000622721	-0.007383831	-0.0107747
G902363725	0.01740084	-0.015965531	0.057085447
G000156035	0.000613864	-0.00996907	0.013560229
G000209385	0.021208003	-0.01582143	0.024221054
n457	0.002317113	-0.011911288	-0.008406045
G003458885	0.011264233	-0.008440999	0.016835989
n459	0.003779574	-0.01203719	-0.003329526
G900066545	0.015779631	-0.014165001	0.018606134
G000403295	0.011036739	-0.012428892	0.013362347
G900604355	0.025841341	-0.013809346	-0.002767138
G001404335	0.009383971	-0.005983584	0.025105807
n464	0.014293496	-0.009552805	0.032082643
n465	0.025073351	-0.011981491	0.004067186
G000155205	0.012308675	-0.013034784	0.03035751
G001312505	0.016550026	-0.003103173	0.019066523
G002160525	0.011726462	-0.004717031	0.026004118
G000153925	0.00979568	-0.01027203	0.022771825
n470	0.016821437	-0.005452208	0.021042559
n471	0.011941953	-0.005051646	0.031528058
G000526735	0.02179746	-0.005656815	-0.035557531
n473	0.013709258	-0.006011402	0.016716533
n474	0.023489425	-0.010807273	0.015875614
n475	0.022740186	-0.004332196	-0.014058319
G900142165	0.013812075	-0.007487929	0.01872051
n477	0.022575946	-0.005630155	-0.025990316
G001049915	-0.006467798	-0.00459856	0.053569992
G001280875	0.003968099	-0.016384937	0.051749595
n480	-1.08E-05	-0.012776227	0.01535816
G000155875	0.003353212	-0.00949562	0.009999504
G000169235	0.006038836	-0.000734919	0.010844123
G000154065	0.00740735	-0.005522621	0.026160456
G003481355	0.009118808	-0.015193848	0.026471165
n485	0.007112335	-0.000264155	0.022538243
G000154505	0.004405162	0.006398625	0.023847982
G000403455	0.009174498	-0.007481665	0.02254646
G900312975	-0.015290659	-0.006108153	0.011252154
n489	0.006061588	0.001067782	0.025023759
n490	0.008614224	-0.002009217	0.017891521
n491	-0.003063704	-0.002775076	0.022078629
G009696485	-0.004877369	-0.008220864	0.013917173
n493	0.00216741	-0.002303913	0.02343216
G900066095	0.007558485	-0.011765251	0.012662693
n495	0.001053818	-0.003313114	0.018735262
n496	0.003230619	-0.007247375	0.025961887
n497	0.000821925	-0.00624964	0.007021887
n498	0.022813865	-0.005313466	-0.020869301
n499	0.000865305	-0.006048056	0.009821803
n500	0.004848516	-0.011096818	0.007812715
n501	0.020767721	-0.005696445	-0.014108536
n502	0.001498044	-0.007143983	-0.005087923
n503	0.017300006	-0.008708402	-0.036740629
G000156535	-0.012367271	-0.018689022	0.018130295
G000225345	-0.001021653	-0.003692965	0.01412669
G000174195	0.008029728	-0.001524364	0.024850125
G003457795	0.013983607	-0.009542071	0.053160528
n508	-0.009710369	-0.011465343	0.018013575
n509	0.007837345	-0.002984447	0.002580759
G000020605	-7.27E-05	-0.004493924	0.008928757
G001405615	0.011587717	-0.003538187	0.013971313
n512	-0.00158617	-0.009272135	0.001088684
n513	0.005749328	-0.001245939	0.004227893
G900066525	0.005180819	-0.002944592	-0.010267641
G000466465	0.000326813	-0.003193286	0.013344927
G000403275	0.008657928	-0.011473498	0.027242188
G003490145	0.008306648	-0.001529251	0.006525464
G003611805	0.003035118	-0.006880214	0.024618736
n519	0.011262704	0.001242001	0.031835622
n520	0.009297737	-6.56E-05	0.02127836
G003435925	0.006897452	-0.005121514	0.017273867
n522	0.004846393	-0.002308769	0.003215146
n523	0.007672355	0.00042472	0.020862732
G001916615	0.002818912	-0.013854204	0.009880653
G001941125	0.018977694	-0.013549167	0.012179217
n526	0.005536475	-0.001761701	0.002113064
n527	0.011207543	-0.002748405	0.007610547
G000431495	-6.08E-05	0.006630743	0.009799735
n529	-0.001639994	-0.008267029	-0.016606258
n530	0.010048173	-0.003720156	-0.0062864
n531	0.015080999	-0.009236404	-0.032618131
n532	0.004688486	-0.006360382	-0.002612598
n533	0.001542456	-0.006027301	-0.022132429
n534	0.014632128	-0.008837941	-0.02185368
n535	0.027309188	-0.00216834	0.006049351
n536	0.011665791	-0.008999901	-0.030706927
n537	0.01001247	-0.0030559	0.010281785
G009696045	0.01248741	-0.002999291	-0.006331175
n539	0.012448077	-0.008943191	-0.027183039
n540	0.003053798	-0.006336365	0.014960609
n541	0.012286927	-0.009041088	-0.029375373
G900142265	-0.020704945	-0.011392392	-0.018807039
n543	0.01054137	-0.010936765	-0.054631001
n544	0.037868836	-0.006072362	-0.004707874
n545	0.016367214	-0.00255542	-0.053997986
n546	0.010550331	-0.010470721	-0.043501126
n547	-0.001643105	0.008535624	-0.020037919
n548	0.014787724	-0.005052287	-0.049332654
G000173795	0.006595564	-0.01718398	0.03590783
G000437715	0.005604658	-0.005329002	0.036529089
G000157995	0.007548059	-0.00124002	0.018831888
G900120005	0.001408796	-0.010750597	0.041966851
G000327285	0.011140032	-0.003777497	0.028268663
n554	0.00783691	-0.001467671	0.023527491
n555	0.005680236	-0.004196835	-0.010526861
G000425005	0.005714218	-0.003306431	0.001940415
G000156655	-0.00702404	-0.001162024	0.020279223
G000210615	0.01104296	-0.002349042	0.009746612
G001398415	-0.030013722	0.025919038	-0.015098767
n560	0.011011294	0.003952438	0.018493286
G001688965	0.000372761	-0.012168174	0.047118451
G000450985	0.007248171	-0.014957543	0.011884121
G000163515	0.008343481	-0.014504232	0.019080928
n564	0.004837973	-0.016866819	-0.018293245
G003434045	0.00790704	-0.001593891	0.021696872
n566	0.005874751	-0.015367201	-0.001285844
G010537155	0.008128034	-0.00011889	0.005902853
n568	0.005546969	-0.015003524	-0.004304424
G000154285	0.011909111	0.001491802	0.011046955
n570	0.005050333	-0.013511567	-0.005206892
G009831105	0.004371314	0.000364668	0.004275881
n572	0.004046542	-0.013766231	-0.020088926
n573	-0.020488331	0.017776791	-0.012612088
n574	0.003519389	-0.012888452	-0.020366295
n575	0.006571282	-0.003301776	-0.003241029
n576	-0.002864726	-0.005732208	-0.020307799
n577	0.000286407	0.003668701	-0.005503729
n578	-0.002197158	-0.005945653	-0.024217338
G000621445	0.009656829	-0.006480153	0.022492996
G007293315	-0.010101085	0.025136488	0.014702857
G007559425	0.04354716	-0.008067713	-0.008114135
G000775615	0.025196144	-0.0103293	0.014972644
G000007785	-0.022529869	-0.012432801	0.06437576
G000648175	-0.025566259	-0.030095779	0.06054989
G000944155	0.003876897	-0.009728505	0.00844686
G001267865	-0.011210749	-0.041123416	0.029804122
G000174395	0.00168597	-0.030048931	0.029298494
n588	-0.011135242	-0.021256527	0.020147984
n589	-0.007871466	-0.007520557	0.028250881
n590	0.001195207	-0.005498921	0.002947587
G012102505	-0.018097675	0.075220469	0.002502707
n592	0.009507539	-0.002421656	0.015411447
G000463355	-0.017938174	0.007804697	0.03129697
G000014205	0.000237444	-0.000149919	0.024374604
n595	0.000130982	0.008657453	0.025292203
G001719865	-0.024257851	0.026160863	0.022598577
n597	-0.000656175	0.033592283	0.016936918
G000785515	-0.007769734	0.005099963	0.017640342
G000006865	0.02800675	0.0075199	-0.002792302
n600	-0.00205818	0.034258275	0.007722596
n601	-0.003407236	0.04661271	0.002006955
n602	0.018511671	0.029327001	-0.002936523
G000432055	-0.00504127	-0.003221949	0.043656705
G000813025	-0.011182089	-0.009418638	0.042107221
G000239955	-0.007640355	0.013900681	0.046710056
G001436895	0.006844143	0.017954691	0.021347579
G001884305	0.00167657	0.013878071	0.025637455
n608	0.004923997	0.02744442	0.025820647
G001308145	0.010793144	-0.005194215	-0.000439561
n610	0.012110475	0.032776794	0.002709221
n611	-0.00033386	0.007101038	0.001149011
n612	0.017976518	0.026821195	-0.027566838
n613	0.013185231	0.03505405	0.001256408
n614	0.021110892	0.013245251	-0.011945263
n615	0.04217297	-0.00919579	0.000146889
n616	0.013542758	0.037712521	-0.037219598
n617	0.00555678	0.037610879	0.01961321
n618	0.027456762	0.022565855	0.000536071
n619	-0.003488458	-0.006575246	-0.040919487
n620	0.025770222	0.021662123	-0.021039566
n621	0.012401272	-0.005288622	-0.064785291
n622	0.012034179	0.005303293	-0.049564365
n623	-0.007702522	-0.023910801	-0.037969068
n624	0.014887427	-0.003345586	-0.038626564
G001512635	-0.04137538	-0.022922866	0.006670497
n626	0.012476869	-0.007609905	-0.037915726
n627	0.029830377	-0.00669939	-0.002792234
n628	-0.068822291	-0.027483479	-0.080368825
n629	0.010570062	-0.009754767	-0.066326285
G000479045	0.021360165	-0.000116974	0.014868285
G900167275	0.018132619	-0.001930556	0.020590652
G000622245	0.0140999	-0.007387024	0.022776306
G010367435	0.007391908	-0.003321619	0.022617625
n634	0.020302483	-0.000449725	0.016597311
n635	0.017627016	-0.004709668	0.017919857
G000158195	0.08694958	-0.005366703	-0.011194164
G000158315	0.028417635	-0.010823886	0.004658732
G000158275	0.025884249	0.000471823	0.027676701
G001854465	0.022237667	-0.002311523	0.04022896
G000007325	0.031560123	-0.011207732	0.036209087
n641	0.028740105	-0.007284245	0.039154221
G000158215	0.025719287	-0.007353196	0.026100707
n643	0.033831129	-0.013134256	0.025400071
G000381725	0.006705848	-0.008249515	0.027536118
n645	0.035403422	-0.013559049	0.007964794
G000262225	-0.001331472	-0.004675155	0.048249986
G000158295	0.003702539	0.005206613	0.048498964
G000242215	0.014768801	0.000694753	0.032766895
n649	-0.005092274	0.012719954	0.075785568
G000691665	-0.013627664	-0.005424941	0.052724304
G000691745	-0.034528792	0.004551917	0.10346208
G000691725	-0.01002002	0.010552505	0.067579654
G000691645	-0.015718495	0.015683796	0.082969502
G000691685	-0.020697078	0.001975381	0.078342215
n655	-0.003625105	0.009344528	0.055043387
n656	-0.015989908	0.001428683	0.067378444
n657	-0.013562782	0.015766624	0.080710987
n658	0.007597191	0.003644445	0.055274943
n659	0.007743658	0.005074346	0.031132116
n660	0.035940228	-0.013484498	0.003881295
n661	0.025932124	-0.006243555	-0.00218635
n662	0.077824503	-0.008307568	-0.011731143
n663	0.036930425	-0.015123424	0.002108474
n664	0.017635644	0.002241068	0.024468303
n665	0.073009069	-0.008640332	-0.006817345
G000020225	-0.021134598	-0.013604691	0.05659638
G000723745	-0.007642675	0.013579688	0.045589423
G000436395	-0.001398741	-0.01565576	0.033833497
G001940945	-0.006878299	-0.005797567	0.030926591
n670	-0.02162406	-0.006562273	0.048543176
G000980515	0.000212657	-0.014626799	0.031469031
n672	-0.010746764	0.022108811	0.052572029
n673	-0.010439626	-0.009370173	0.057360318
G000428205	-0.003818304	-0.005914933	0.004941404
G000374405	0.026811268	-0.001274593	-0.022939618
G004553635	-0.004982841	-0.009922275	-0.03259404
G001543405	-0.029785422	-0.010512749	0.003731081
G001915415	0.036558839	-0.003061978	-0.003058504
G009774865	0.027156764	-0.009942709	-0.011128223
G000285455	-0.010152722	-0.017345155	0.033527192
G000312145	0.00460392	-0.006711279	0.015386166
G001941065	-0.016291269	-0.0135868	0.030685905
n683	0.006548297	-0.004664045	0.030580679
G000210575	0.020692133	0.006010024	-0.016986209
n685	0.005712916	-0.00476579	0.012016253
G000265365	0.036311448	-0.002479657	-0.005858073
n687	0.015565241	0.001772746	-0.018204785
G900021155	0.027914151	0.000178397	7.40E-06
n689	0.021852981	-0.001152649	-0.022833232
G000154465	0.010131617	-0.003888717	-0.027076575
n691	0.022429529	-0.000739763	-0.016653631
G000311925	0.026712516	-0.003761916	-0.00339707
n693	0.016022395	-0.002978507	-0.019668799
n694	0.029696131	-0.007540817	-0.002614998
n695	0.015868984	-0.003689899	-0.027663113
G900104605	0.023385351	-0.010086951	0.011471918
n697	0.016152834	-0.004820732	-0.038964233
G000321205	0.001094583	-0.00673439	0.017263746
n699	0.016687819	-0.004816964	-0.036774984
G000427365	0.033394181	-0.001871431	-0.01316632
n701	0.016923883	-0.004657159	-0.033888335
G001915575	0.029327477	0.008083223	-0.001171295
G004553345	-0.051696599	0.004342574	-0.002112939
G004561075	0.023150367	-0.000353323	0.013204637
G000435075	-0.002038297	-0.004875569	-0.000158167
n706	0.005819413	-0.000799099	0.022173049
G000431015	-0.029058413	-0.00519834	0.009277096
n708	-0.013994088	-0.00088754	-0.022516649
n709	-0.002969952	-0.001573125	0.013646803
G004552135	-0.006100641	-0.007618962	-0.002454675
n711	-0.010523637	-0.000126008	-0.003264764
G009774765	-0.004231875	-0.01230267	0.01328498
n713	-0.010269883	-0.001507262	-0.007643634
G002159555	0.027141205	0.002026347	0.004582688
n715	-0.010430083	-0.002374442	-0.012991445
n716	0.017348352	-0.004956851	-0.038093802
n717	-0.008910084	-0.003419547	-0.03108519
G000190535	0.041272734	0.002758483	0.019034068
G001915655	0.026170022	0.003614079	0.007940594
G000435735	0.020758194	0.005092235	0.03038484
n721	0.035770204	0.004191095	0.032289502
G000243215	0.031954775	-0.003784804	-0.000671812
G900091655	0.037932549	-0.001811636	-0.008936406
n724	0.03033812	0.001777586	-0.015532166
n725	0.03597154	-0.002641558	-0.00964069
G001487125	0.01819786	-0.002102992	0.05456892
G000832075	0.032061074	0.029599431	0.04083902
G000519105	0.049844809	-0.003040409	0.005576963
G001915615	0.015069286	0.014717347	0.006290447
G900091675	0.008673926	-0.012416885	0.023060333
n731	0.049348981	-0.000985595	-0.006810216
n732	0.029014645	0.013134662	0.006928615
n733	0.045925584	-0.002296406	-0.008619681
n734	0.033399967	-0.000510709	-0.013970191
n735	0.044440123	-0.001322069	-0.014274229
G004561455	-0.058113067	-0.000206833	-0.024034416
G902762555	0.019553111	-0.00372811	0.010345598
G000372405	0.019652898	-0.002116275	-0.014079792
G004555765	0.006532143	-0.001072564	0.008028392
n740	0.019492749	-0.001671738	-0.012908427
G000768955	0.025824498	-0.00784988	-0.005373393
G000307375	0.019223799	-0.008417778	-0.022789226
G000433955	0.030332257	0.011178729	-0.031010348
G000428565	0.0208584	-0.01047941	-0.020025585
G000969835	0.034581038	-0.00545966	0.01925014
n746	0.01943485	-0.002189803	-0.038558607
n747	0.020970353	-0.010644165	-0.023355293
G000012845	0.067433396	0.001606459	-0.038920491
n749	0.019483254	-0.003856558	-0.033752549
G002159645	0.01644064	-0.008470424	0.002103674
n751	0.033861245	-0.005207552	-0.047282517
G900292045	0.025925683	-0.007540074	0.023918006
G000238215	0.020016947	-0.003162842	0.008298846
n754	0.033066457	-0.006039843	-0.05796228
G900240225	0.031916267	-0.002401887	-0.01183023
G009930375	0.001769766	-0.013089724	0.011771348
n757	0.033223987	-0.00583234	-0.05507484
n758	0.02875412	-0.003054608	0.002313507
n759	0.020585442	-0.003709438	-0.011038757
n760	0.033846422	-0.005036576	-0.044164625
G000296465	0.037330012	0.003712692	-0.022814321
G000512915	0.028188145	-0.003258101	0.002333696
G902363425	0.039259741	-0.00342419	0.005308761
n764	0.033220844	-0.000441899	-0.027668041
G000803105	0.02633865	-0.00608217	0.023073146
G001403595	0.033857271	-0.009084978	0.042216966
G003479825	0.040482172	-0.007408427	-0.025881005
n768	0.025725705	-0.009648571	-0.006738206
G900538745	0.024179127	-0.002700863	0.010690243
n770	0.037675033	-0.008013751	-0.01802081
n771	0.03407743	-0.000209638	-0.018971948
n772	0.037342222	-0.007758609	-0.0159951
G900541935	-0.004629321	-0.008526289	-0.01358141
G900548875	0.051339829	-0.002307627	-0.000887741
G004557565	-0.003984794	-0.011576935	0.018050498
G009696565	0.009783957	-0.008636607	-0.000479595
G004563195	-0.023289975	0.001800805	-0.011866517
n778	0.007254916	-0.009310835	-0.002597133
n779	0.014476513	-0.007100212	-0.015560034
n780	-0.007482243	-0.002609263	-0.007157405
G001701295	0.009454253	0.001235598	0.022229299
G004558425	0.030941032	-0.00605706	-0.002052329
G004102775	0.024260844	-0.003825188	0.001744455
n784	0.031902936	-0.002811519	0.013794023
G003762615	0.020564193	-0.003731028	0.010124173
n786	0.029318465	-0.003552197	0.003078373
G004792675	0.008600108	-0.004385682	0.0211916
G004803695	0.040808049	-5.96E-05	0.011204372
G004102785	0.031268217	-0.002454405	-0.009051612
G900540205	0.027400144	-0.001141192	0.024535351
G004102805	0.012506127	-0.006447784	-0.00180788
n792	0.03167896	-0.002342436	-0.003646107
G011959565	0.011340085	-0.011997476	0.016068387
G004557065	0.001020058	0.008888361	0.017237447
n795	0.025347307	-0.004466798	0.001365521
n796	0.013036952	-0.003057498	0.021237893
G001689655	0.015876218	-0.00175374	0.028911268
G004115465	0.021464336	-0.003377819	0.015939649
G001689425	-0.01598259	0.005216446	0.053667989
G004803915	0.026468113	-0.008780704	0.028422539
G003762875	0.03169452	-0.003054723	0.018916384
n802	0.02508779	-0.010506432	0.009758072
G001701255	0.046578806	-0.004475946	0.005218839
n804	0.028012472	-0.007713855	0.007892906
G900542815	0.012792749	-0.002597835	0.020440622
G900551515	0.027279752	0.001246195	0.006738991
G003762745	0.018068266	-0.006136205	-0.001416838
G003762715	0.022491056	-0.005256032	0.009836872
n809	0.025168911	0.003006506	0.019664871
n810	0.02000048	-0.005298897	0.00829765
n811	0.017975975	-0.00434068	-0.008974335
n812	0.03595061	-0.006042705	0.009941205
n813	0.02040456	-0.002840266	0.003517734
G011959405	0.027174338	-0.006938062	-0.005174541
n815	0.024279577	-0.004864058	0.003266527
n816	0.025498299	-0.003886925	0.006697723
n817	0.02462671	-0.005212751	0.001900124
n818	0.033160993	-0.000292955	0.00799384
n819	0.023852424	-0.00570137	-0.011079121
n820	0.026908297	-0.005503997	-0.015540169
n821	0.024098018	-0.005946758	-0.016725426
n822	0.007258126	-0.005919773	-0.01041905
n823	0.024679743	-0.006002438	-0.018465432
n824	0.034260029	-0.006080965	-0.0307441
n825	0.015917472	-0.007614139	-0.032020741
G000012825	0.033501302	-0.006697724	-0.035278776
G000438035	0.033546563	-0.006755138	-0.036320675
G000436135	0.034461569	-0.009447428	-0.050819352
n829	0.032911921	-0.007411865	-0.045109113
G000438395	0.090164687	-0.001111413	-0.027265347
n831	0.032013273	-0.009147087	-0.064768113
G000613805	0.040535323	-0.010730236	0.00811607
n833	0.036650922	-0.008832866	-0.061155316
G000154845	0.061617281	-0.010065324	-0.027500287
G000436795	0.077271815	0.000808688	0.002872636
G000190575	0.034491754	-0.006135066	-0.007812764
n837	0.062318682	-0.009770781	-0.024685178
G000434735	0.02533248	-0.004506254	0.005529125
n839	0.060547618	-0.009071209	-0.01847166
G000157915	0.018734693	-0.01278531	-0.032520903
G000187895	0.059111616	-0.001406151	-0.052944698
G000374585	0.045871273	-0.000633724	0.019753201
G000436055	0.062119938	0.013280924	0.030284619
n844	0.051160194	-0.004268888	-0.037474101
n845	0.047993744	-0.002999275	-0.01051485
n846	0.059480388	-0.009385785	-0.021371649
n847	0.051212408	-0.004069691	-0.034312048
G900066445	0.050484082	-0.002138813	-0.009147538
n849	0.053092052	-0.005874599	-0.041089063
n850	0.036731304	-0.008742732	-0.059865338
n851	0.052088977	-0.006966274	-0.055996241
G900291465	0.031551246	-0.00934749	-0.012650311
n853	0.040853008	-0.010643538	-0.069816265
G003438995	0.045448102	-0.004240837	0.009548888
G900128905	0.042597674	-0.001685313	0.024774426
G900104585	0.038041391	-0.007324822	0.026648871
G010500965	0.03621713	-0.004449453	0.024402018
G000315485	0.025924243	-0.003668839	-0.011852479
G001318345	0.02318792	0.001262722	-0.003734756
G900108345	0.038615643	-0.00127428	-0.019807474
G900128475	0.005373553	-0.006573619	-0.035563758
G000154205	0.024792688	0.004161687	-0.050445833
G000195635	0.016994788	-0.008106086	-0.013604753
G000154525	0.068266051	-0.011919136	-0.045388484
n865	0.024255053	0.003892706	-0.034925433
n866	0.013123597	-0.005175952	-0.03361747
n867	0.046511172	-0.002481809	-0.045783206
n868	0.024430815	-0.002505184	-0.018221087
n869	0.040869241	-0.003677067	-0.052263294
G007896885	0.040676839	-0.004457149	0.01811152
n871	0.04012574	-0.003879688	-0.054829301
G000381365	0.084915824	-0.004950221	-0.016382963
G001915435	0.035781225	-0.005970052	-0.008246641
G000009925	0.019951143	-0.008467287	-0.003355487
G000599385	0.02266909	-0.009661562	0.002668064
G000598465	0.020108523	0.002178506	0.016365679
G000598965	0.024997533	0.005270921	0.06969819
n878	0.022507576	-0.007057156	0.022706217
n879	0.021084934	0.001984583	0.019878123
G000434095	0.036862193	0.002026781	0.029948198
n881	0.022500561	-0.004769103	0.038606162
n882	0.077046586	-0.005152932	-0.016720923
n883	0.017600575	-0.010535493	-0.040872903
G000499785	0.030118356	0.000169534	-0.001450575
n885	0.037058532	-0.010773284	-0.033012852
G000011065	0.026221967	-0.004260254	-0.008036459
G001314975	0.041679235	0.004290491	0.022389336
G000437995	0.051164381	0.001664763	0.009968023
n889	0.030233577	-0.001890421	0.001956023
G000433375	0.065960812	0.01730508	-0.02464874
n891	0.031207858	-0.002547604	-0.009805637
G000433575	0.044929252	7.02E-05	0.021591585
G001915455	0.036595676	0.000388804	0.01079163
G000436855	0.06132172	0.006722155	-0.004781578
G001915495	0.064941213	0.007386263	-0.008156996
G000159075	0.024549543	0.007014632	-0.002311456
G001314995	0.020232533	0.0006231	0.00686232
G000436435	0.02619411	0.004801161	-0.01849596
n899	0.020153302	0.001187422	-0.01047468
n900	0.062192784	0.006875375	-0.015084045
n901	0.021639998	0.001587574	-0.020819471
n902	0.036020328	-0.000913723	-0.012077995
n903	0.031187866	0.001117987	-0.021602524
n904	0.041200918	0.001917358	-0.023335844
n905	0.031959247	0.000886996	-0.018204086
G000614145	0.036817297	-0.003672954	-0.013105035
n907	0.036031858	0.000676516	-0.032186584
G000511775	0.024770217	-0.010456215	-0.001160829
n909	0.035712079	0.000104405	-0.036729024
G000517545	0.058865448	-0.003053231	0.009301142
n911	0.03593058	0.000449579	-0.028983071
n912	0.037241965	-0.010241413	-0.027570023
n913	0.035564683	-0.000156277	-0.036438704
n914	0.039990519	-0.004034345	-0.05691562
n915	0.035511428	-0.005243347	-0.038560119
n916	0.037701374	-0.005691115	0.035934912
n917	0.038296067	-0.005690254	-0.060549853
n918	0.046169985	-0.004026254	0.020298098
n919	0.038412991	-0.005558902	-0.058734852
n920	0.041254219	-0.010153939	-0.062882936
n921	0.03783162	-0.006227294	-0.067742412
G000205165	0.02564228	-0.001071458	-0.013176042
G000436895	0.057123214	0.00598572	-0.019136722
G902385285	0.002440111	-0.009757466	-0.031603105
n925	0.038509129	-0.000534644	-0.042448959
G011960185	0.022760105	-0.006000428	-0.008810477
G004558535	0.008736377	-0.003868674	0.011999591
G000437675	-0.037301827	-0.009337711	-0.00450862
G900106785	-0.012414621	-0.00348248	-0.03007067
G004562975	-0.014550087	-0.014203333	-0.003239884
n931	-0.014347951	-0.002646603	-0.014340561
n932	0.021877133	-0.00527975	0.008649389
n933	-0.015890684	-0.004759298	-0.027705847
G004555055	0.017061241	0.004793947	-0.002930559
n935	-0.01161614	-0.00537668	-0.022954901
G000159995	0.01240492	-0.006696303	-0.009034045
n937	-0.010816176	-0.005266794	-0.019443441
G003265305	0.016144625	-0.010281157	0.01406386
n939	-0.009827613	-0.005491634	-0.018988902
G900316315	-0.020603375	-0.003879422	0.012063828
n941	-0.010342904	-0.006305115	-0.029363031
G004562255	-0.023758216	-0.010780153	0.006393788
G004792655	0.012136931	-0.004009537	-0.012590268
G002251205	-0.043292353	-0.008178705	-0.018192985
G000025925	-0.035417389	-0.00881597	0.0172367
G002251435	-0.011967848	-0.0089616	-0.010122913
n947	-0.041988992	-0.007326011	-0.004725396
G000436695	0.01327411	-0.009425479	0.029093196
G001275135	0.034963811	-0.005964797	-0.00795962
G000834015	-0.040952932	-0.001889107	-0.005862251
n951	0.034396246	-0.006960975	-0.02219791
G000585355	-0.03507888	-0.005081875	0.011957701
n953	0.019974905	-0.006651969	-0.010099495
G000431935	0.045225598	-0.006985126	0.045924328
G900079775	-0.007495858	-0.003247902	0.00707326
G000235885	0.00880821	-0.008771662	-0.009220257
G000437535	-0.037126849	0.003582543	0.033454121
G000434975	-0.052240057	-0.004209536	0.012689589
n959	0.006562958	-0.008227946	-0.008640406
n960	-0.008468314	-0.006799795	-0.036375469
n961	-0.002609868	-0.009969835	-0.039550576
G000379965	-0.032400341	-0.02081035	0.054823233
G000613985	-0.034765268	-0.022453065	0.067075895
n964	-0.042826013	-0.017261133	0.003060272
G001444445	-0.022516403	-0.004857568	0.014849586
G000177075	0.026672336	-0.004524385	-0.001098557
G000455445	0.001881756	-0.010464329	-0.00254736
G000436915	-0.039379096	-0.009397923	0.016331129
G002251365	-0.014062114	-0.009302919	-0.001440428
G000262545	-0.003896752	-0.002844692	-0.000333852
G000378745	0.020697258	-0.001665921	0.005161517
G000144405	-0.060865963	-0.010445213	0.032623802
G001683355	-0.040072999	-0.009649675	0.033787049
G001262015	-0.043762505	-0.008008966	0.033769688
n975	-0.051082269	-0.006280543	0.026277518
G000191065	-0.013211099	-0.004372248	0.019647713
n977	-0.047114966	-0.006159152	0.023500853
G000613925	-0.034481564	-0.015909698	0.024564927
n979	-0.032138478	-0.004676194	0.014700567
n980	0.001739014	-0.003487351	-0.01122955
n981	-0.032564571	-0.005521882	0.00899362
G000430525	0.025959962	2.94E-05	-0.000442772
G000688375	-0.001069938	-0.012776113	0.021978438
G000613345	0.018544987	-0.002638241	0.006842739
G000220255	-0.004018316	-0.010232093	0.01973743
n986	0.021405694	-0.001944584	0.015642945
n987	0.014646732	-0.002633166	0.008128734
n988	-0.009690796	-0.003866344	-0.002822718
n989	0.017108886	-0.003913222	-0.009941137
G900539795	-0.041302332	-0.003974869	-0.018875394
n991	-0.000595897	-0.00469894	-0.017610077
G000218235	-0.031420408	0.002796379	0.020479399
G902777695	0.006585946	-0.010576314	0.025412835
G000160535	0.007281598	-0.005710655	0.024023969
G000758925	0.018831247	-0.002189376	-0.005420871
G000242335	-0.057187926	-0.004498743	0.015147125
n997	0.017732936	-0.00215341	0.001640583
n998	-0.014164449	-0.007705951	0.025841305
n999	0.00233207	-0.002540875	0.003092722
G000613785	-0.053140053	-0.006364216	0.019316785
G000185845	-0.003922893	-0.003527295	0.00731838
G000426585	0.016621382	-0.005745543	0.001948663
n1003	-0.0151127	-0.004231822	0.008059608
G000434515	-0.083531532	-0.001507745	-0.004528966
G000436035	-0.041892513	-0.000976298	-0.006490303
G000157935	-0.100849894	0.001506123	-0.051936775
n1007	-0.058154065	0.000740486	-0.002647717
G000431915	-0.078992389	-0.005028644	-0.002831169
n1009	-0.096249447	0.00214303	-0.038244842
G000435635	0.001385873	-0.011613677	0.006318749
n1011	-0.097217821	0.001113669	-0.05248053
G000179055	-0.035104964	-0.008959113	0.060166071
G900103315	0.005759733	-0.022182656	0.064798916
G000426565	-0.042827143	0.013061691	0.074158731
G000613525	-0.054443316	0.012143241	0.043315225
n1016	-0.022822767	-0.010081034	0.009865482
n1017	-0.062770687	0.003245582	0.004908106
n1018	-0.094451133	0.001345936	-0.039901925
n1019	-0.044658556	-0.005105526	0.019074678
n1020	-0.000404261	-0.006656502	0.007666809
n1021	-0.094196193	0.0005305	-0.047126595
n1022	4.70E-05	-0.004420796	-0.011023026
n1023	-0.087461548	-0.000581014	-0.039256632
G000762865	-0.01001932	-0.008128279	-0.006536466
n1025	-0.080701188	-0.000843698	-0.034266813
n1026	-0.011851862	-0.005528151	-0.025532779
n1027	-0.079456873	-0.001387388	-0.035849352
n1028	-0.021825356	-0.008534679	-0.005702818
n1029	-0.070486168	-0.00302973	-0.044383513
n1030	0.012856209	-0.008684604	-0.018895219
n1031	-0.070138142	-0.003576335	-0.04936333
n1032	-0.034813388	-0.009096949	0.012366466
n1033	-0.065902023	-0.003858075	-0.037665772
G004553245	-3.01E-05	-0.00623767	-0.006919909
n1035	-0.066521924	-0.00472041	-0.048824115
n1036	-0.004589093	-0.008160992	-0.030500146
n1037	-0.065434272	-0.004399438	-0.040573598
G000146675	0.006958823	-0.010536163	0.004762806
n1039	-0.05377916	-0.007071396	-0.057732401
n1040	0.01811235	-0.007131836	-0.014552636
n1041	-0.053529946	-0.006925918	-0.055284408
n1042	-0.031740836	-0.007811125	-0.010485083
n1043	-0.04944822	-0.007302981	-0.055832019
n1044	0.007782076	-0.005352944	-0.016769956
n1045	-0.049451408	-0.007636487	-0.059483356
n1046	-0.010319925	-0.006212863	-0.028233425
n1047	-0.049286009	-0.008142783	-0.066702824
G900543375	0.040512432	-0.002252457	0.000784511
n1049	-0.046050762	-0.007537054	-0.05688209
n1050	0.026629937	-0.004732967	-0.045368611
n1051	-0.045588915	-0.007327602	-0.053292508
n1052	0.039058133	-0.009359949	-0.077539851
n1053	-0.033906558	-0.009153054	-0.074648416
n1054	0.025283634	-0.007950395	-0.034429477
n1055	0.012384414	-0.012161505	-0.090935989
n1056	0.033812059	-0.004825798	-0.040919403
n1057	0.012843283	-0.011821009	-0.086000896
n1058	-0.046886371	-0.000611807	-0.011507985
n1059	0.013422073	-0.011898404	-0.089206769
n1060	0.034897711	-0.002687001	-0.042634905
n1061	0.012928112	-0.012382536	-0.095811009
n1062	0.012529559	-0.005991022	-0.045563217
n1063	0.013619711	-0.011630277	-0.086008453
n1064	-0.00331927	-0.010575892	-0.012655816
n1065	0.013134624	-0.012085971	-0.092891283
n1066	0.020142215	-0.004994817	0.000225271
n1067	0.012824383	-0.012430197	-0.097362225
G900142485	0.005885922	-0.009250339	-0.006467408
n1069	0.01169439	-0.013715747	-0.114537174
n1070	0.017501539	0.021816401	-0.009690031
n1071	0.012755766	-0.012505849	-0.098119676
G000701705	0.018439755	0.006888342	-0.000314402
G900116045	0.020334767	0.011545126	-0.024361936
G000763135	0.001306305	-0.045529768	-0.011910369
G000349975	0.018685546	-0.028132236	0.008504138
n1076	0.01308924	-0.053131335	-0.019983986
G000686565	0.036158978	-0.032419555	-0.035886529
G000434135	-0.019534443	-0.053756891	0.048188714
G001917135	-0.009428246	-0.046044543	0.054437734
G900544565	-0.035212306	-0.039989928	0.052042857
n1081	-0.013432452	-0.055390136	0.055914073
G000980655	-0.044455701	-0.009947008	0.061782979
G001917125	-0.041723712	-0.016220629	0.056500077
G000436195	-0.021641771	-0.005658891	0.037620154
n1085	-0.046640339	-0.009696156	0.065340406
G900538765	0.009221659	-0.008931825	0.01732912
n1087	0.01387225	-9.00E-05	-0.000438034
n1088	0.002001043	-0.018168852	0.008241251
n1089	0.025981812	0.001894487	0.014247599
n1090	0.040372208	-0.003865459	-0.003081047
G009929575	0.028338311	0.000392033	-0.017970307
G000250875	-0.010271074	-0.025417118	0.017069856
G000297775	-0.008404944	-0.029182761	0.017236775
G000411515	-0.015819263	-0.023735225	0.042973046
G000432615	-0.00701213	-0.019224399	0.047083751
n1096	-0.012386724	-0.028835229	0.027156817
n1097	-0.020925444	-0.024432692	0.006739622
G000434855	0.011882956	0.005064215	0.022870109
G900128485	0.012080837	0.005697304	0.023891872
n1100	-0.024313433	-0.022382657	0.003666102
n1101	0.008386228	0.001236437	-0.032405593
G000980495	0.020308429	-0.012650031	0.012312057
n1103	0.002880866	-0.002870073	-0.024677356
n1104	0.003447249	-0.004650287	-0.032604688
G000186425	-0.005376643	-5.47E-05	0.013962103
G000818035	-0.001664064	-0.003482557	0.007125555
n1107	0.00374073	-0.004312601	-0.025996068
G000160655	-0.007746304	-0.001077251	0.022958803
G000239355	0.002429172	0.006095326	0.031287247
G000007145	0.021040456	-0.014769107	0.016084539
G001908775	-0.006483049	0.000579839	0.02602496
G003072045	-0.00933251	0.050534369	0.022935297
G001584645	-0.00996303	0.020883199	0.028818845
G000188195	0.008200632	-0.008522601	0.021146298
G900445225	0.012296754	-0.029164001	0.012328469
G004557545	-0.002832823	-0.002346571	0.016291606
G004556245	0.013268246	-0.020484843	0.013390664
n1118	0.017315914	-0.022324668	0.016934018
n1119	0.001951686	-0.010843161	0.023293826
G000025565	0.000453164	0.016282633	0.02622416
G010592515	0.000736984	0.062382624	0.03147881
G000694955	0.030915306	0.04687554	0.021456026
n1123	0.00098923	0.06733898	0.03363512
G000735515	0.00069009	-0.024513143	0.031470857
n1125	0.011083411	0.08664278	0.019400408
G000164865	0.000138066	-0.022469184	0.032125256
G000757785	-0.002368281	-0.01985253	0.031124327
n1128	-0.003503722	-0.034303011	0.053632776
G000735455	0.008741073	-0.043002767	0.033997535
G000735365	0.005772774	-0.020394666	0.038069006
G001571285	-0.012424916	-0.0003426	0.03774567
G001022195	-8.16E-05	0.020419899	0.037590241
G902160675	0.001648902	0.013410154	0.035618389
G000247895	-0.001267771	-0.013502876	0.033351371
n1135	-0.008825708	0.049162303	0.027119326
G000215745	0.013466101	-0.029817535	0.044989262
G009937725	0.003516594	-0.004332946	0.021190081
G000240185	-0.005814338	0.04720346	0.03055054
G001066585	0.01155115	0.001537389	0.024086915
n1140	0.011845216	-0.023485996	0.038728576
n1141	-0.003661552	0.043894545	0.014644867
n1142	-0.010197448	0.053257805	0.034666041
n1143	-0.003732458	0.044890118	0.019473376
n1144	-0.0050959	0.019088527	0.02935061
n1145	-0.000576951	0.062350249	0.008876919
n1146	-0.000269004	-0.023349235	0.049179088
n1147	-0.000930788	0.066193391	0.01327187
n1148	0.010576208	0.090457851	0.009391363
n1149	-0.001331642	0.066492066	0.022533479
G000648515	-0.010892631	0.043553192	0.029204706
G001558935	-0.008258421	0.02998401	0.04308585
G000195995	-0.013675909	0.024561411	0.048298635
G004127505	-0.008351117	0.012571936	0.031497143
G002032965	-0.016197468	0.030790069	0.021410639
n1155	-0.010152068	0.027064596	0.055608524
G007581405	-0.004445959	-0.04790569	0.030875117
n1157	-0.011692723	0.059956339	0.02034175
n1158	-0.014006272	0.058658406	0.038334151
n1159	-0.010888214	0.054153606	0.028191259
G000777575	-0.026015732	0.112913643	-0.004160217
G000778805	-0.020469831	0.097984	-0.003424497
G000781475	-0.021038744	0.11722684	-0.006115278
n1163	-0.026002313	0.113732545	-0.005249327
G000944855	-0.021020338	0.136028024	-0.007531955
G001283625	-0.019007675	0.131746531	-0.013756553
G007998125	-0.019636886	0.134150823	-0.007671359
n1167	-0.021249981	0.1358115	0.008373692
G000008865	-0.02130916	0.134038956	0.018764332
G000299455	-0.023891811	0.127806846	-0.000192104
G000026325	-0.018850293	0.128409404	0.015241044
G000026345	-0.021709251	0.133011275	0.015982744
G000183345	-0.021345967	0.133976813	0.010026752
n1173	-0.021871431	0.133282477	0.020392908
n1174	-0.02037353	0.135335382	0.010156723
n1175	-0.02177621	0.133342266	0.033680659
G000006925	-0.021720103	0.133865406	0.006447367
n1177	-0.021021506	0.134049014	0.011569981
G000012005	-0.020608916	0.133531152	-0.002475697
G012357415	-0.021146161	0.134206905	0.015652671
n1180	-0.021054552	0.133992786	0.003641252
G008273775	-0.022910936	0.12587052	-0.007603244
n1182	-0.020389446	0.134815895	-0.004584944
n1183	-0.020817017	0.133937741	-0.015512479
n1184	-0.022223299	0.123925367	-0.005199465
n1185	-0.020980675	0.134460865	0.010817124
G000777875	-0.023335955	0.115473334	-0.014341175
G000779535	-0.025716473	0.116892263	-0.00890533
G900227605	-0.013576114	0.095742917	-0.00780185
n1189	-0.020873261	0.134475661	0.008540279
G012161415	-0.027768918	0.102214108	0.020752564
n1191	-0.019983855	0.133759018	-0.018595932
n1192	-0.014811493	0.06603077	0.040112893
n1193	-0.019890763	0.133794448	-0.027856909
n1194	0.003207174	0.081945562	0.019877857
n1195	-0.01619521	0.135609866	-0.029277553
G001022135	-0.001330087	0.007230412	0.031182649
n1197	-0.009690998	0.130802752	-0.024800699
G000982825	0.0032232	0.021959862	0.026533514
n1199	-0.01274627	0.130739353	-0.028144033
n1200	-0.01302675	0.129993763	-0.042986263
G000784965	-0.012650766	0.056941944	0.014825787
G001586165	-0.008075501	0.000921443	0.027613637
n1203	-0.013039244	0.130019837	-0.042795717
G000238795	-0.002661245	-0.003089588	0.013232817
n1205	-0.012642094	0.129673531	-0.053838798
n1206	0.012781692	-0.018145816	-0.00662921
n1207	-0.01266277	0.129901367	-0.045974799
n1208	-0.013409011	0.078668111	-0.005830006
n1209	-0.008791659	0.116996864	-0.059528757
n1210	0.018379454	-0.004347975	-0.02274467
n1211	-0.008033743	0.117139843	-0.045294358
n1212	-0.008927067	-0.000315474	-0.002012027
n1213	-0.004431823	0.107451443	-0.023425836
n1214	0.00426395	-0.004076849	-0.024539623
n1215	-0.005852558	0.104523825	-0.039601309
n1216	0.040513394	-0.005663348	-0.010561105
n1217	-0.005813187	0.074270056	-0.059993088
n1218	0.026291541	-0.0419058	-0.046436773
n1219	-0.002503744	0.071457474	-0.047753816
n1220	0.030531954	0.013208602	-0.034670683
n1221	-0.000260173	0.057854841	-0.042530832
n1222	0.013757693	-0.011210587	-0.08249271
n1223	0.001012235	0.05234664	-0.047579874
n1224	0.070259352	-0.011424627	-0.03986883
n1225	0.012949204	-0.003654023	-0.069890144
n1226	-0.041140584	-0.022598181	-0.075686008
n1227	0.012306282	-0.00491072	-0.0880971
G004561445	-0.038556783	-0.010473448	-0.034156573
n1229	-0.008278831	-0.014597307	-0.098230858
n1230	-0.001913096	-0.01290451	-0.000132254
n1231	-0.008694373	-0.015062074	-0.10454034
n1232	-5.21E-05	-0.00015839	-0.001271137