Eigvals	3
69.39993951859311	48.00156180229654	12.019181729536587

Proportion explained	3
0.6629561759752384	0.3171592432001178	0.01988458082464379

Species	624	3
G000006865	0.012388783242245682	-0.05120762758367764	-0.025856440606450173
G000006925	0.018586022809639776	0.1257167688665835	-0.0005539371861847683
G000007145	0.0478361394890418	-0.06275077361569217	-0.0681919218332663
G000007325	-0.0693829613666185	-0.05016790763861728	0.030711102232915982
G000007525	0.02849584236738777	-0.006611455576801246	-0.07070278611500364
G000007785	0.010096106918400658	-0.017566594932312822	0.04865443368566846
G000008865	0.01670509926903553	0.1253767066139335	-0.0029578026465738295
G000009925	-0.05291592633933063	0.009489225631841342	-0.08314826552182097
G000010425	0.032836759593688536	-0.006039750785905802	-0.04492443517671758
G000011065	-0.062135027624677	0.006890267912047097	-0.079144651877256
G000012005	0.018133438310723584	0.12207630383490164	0.002790249763334371
G000012825	-0.07139487206126277	0.0016412823314102586	-0.14457253970506828
G000012845	-0.07311202535249642	-0.04513212520025319	-0.12745158742799503
G000013285	0.02896360323368794	-0.018530980040694336	0.00015618673578778777
G000014205	0.015568444874556114	-0.07661685089774589	0.002172461676409114
G000020225	0.02950753830191869	0.012080522668550812	0.011073966081270316
G000020605	0.026251695588350225	-0.0279569979615331	-0.006424407718395973
G000022965	0.02999705540874659	-0.0023879275853800445	0.018089149893864034
G000024945	0.001702920208571337	-0.046255749027420204	0.036773159336740656
G000025205	0.027913301700396635	-0.0049978869431794165	0.032546229252626804
G000025305	-0.015572577675858321	-0.011402514979053676	0.026454360884839396
G000025565	0.00604676593583491	0.06991333641610564	0.02456692668149712
G000025925	-0.01041851702963697	0.05203451205928709	0.0662309470511028
G000026325	0.018012384548939445	0.12807065407383222	-0.00246944782502029
G000026345	0.019729060035445015	0.12614745081756348	-0.0005402212694128738
G000144405	0.039695627794580836	0.03973468696217867	0.03610055866757508
G000144625	0.031111853648135585	-0.012030954534087366	-0.01048549260722918
G000146675	-0.041460865955965646	0.008282063368192013	0.032160050900525865
G000153905	0.03231768425643513	-0.025150436502082436	-0.00895137760105777
G000153925	0.009405535912364283	-0.030079252201724492	0.016279531374175312
G000154065	0.021649219936094158	-0.023075903037755644	0.014996446946159434
G000154205	-0.04512306167728465	0.026139617736276415	-0.12398861546404824
G000154245	0.04569343647813405	-0.015727660108561456	-0.0012162998564666887
G000154285	0.018847606854539557	-0.01972519225421466	0.001029299235011199
G000154305	0.03481092744531439	-0.014907831257351636	0.015483346734378277
G000154345	0.008726855227213878	-0.03242547210862722	0.048990934482912085
G000154425	0.041771605620648466	-0.034275296886219615	0.008993309182137163
G000154465	-0.014928369992561126	0.016274812967953765	-0.0776591764144528
G000154505	0.04229970535677338	-0.00715538667010735	0.0193609425487119
G000154525	-0.09865352515678388	-0.03774593850258863	-0.1307040518626479
G000154565	0.06874272804097006	-0.0340427049745914	-0.089790968807205
G000154845	-0.09100397516031014	-0.020373830544183506	-0.08981505478495415
G000155205	0.008538549019754212	-0.04013942152017091	0.0196841684223927
G000155435	0.03557290595501602	-0.013512704840256807	-0.018087873270731244
G000155875	0.012261979108794329	-0.03368690031462652	0.009616848136129804
G000156035	0.03047779813665558	-0.0483347383551888	-0.0430576220517154
G000156055	0.0175419886018464	-0.08819749163178194	-0.044872257228916565
G000156175	0.03995328775943048	-0.01820091211311644	-0.04569198215890745
G000156215	0.04141856261813797	-0.014309355842324395	-0.05511875309408466
G000156535	0.02615399739077789	-0.011762692141977896	0.0195076517152215
G000156655	0.015992955183741938	-0.02534202929437349	0.026853048755683666
G000156675	0.04996075825708751	-0.012441112698003435	-0.038739467713823125
G000157915	-0.06273373715370456	0.01032120205041283	-0.07425199437445586
G000157935	0.04466725334662855	0.16528952043167222	-0.09437323875584147
G000157955	0.04126787274436115	-0.01569134243722488	-0.008197869628614702
G000157975	0.023239966575013444	-0.011123893111888527	0.023632687668951508
G000157995	0.043806127927531247	-0.016348239009867566	-0.02122416722785929
G000158075	0.03464557830735795	-0.057148347097338424	0.011623591715657305
G000158195	-0.13843352738026876	-0.1217143730341382	-0.04009067872415174
G000158215	-0.07709131777393728	-0.05142122698933991	0.030314289523160964
G000158275	-0.07352330773231937	-0.054045726820321535	0.03047078865640463
G000158295	-0.07864893346377583	-0.028391197148434147	0.061825571408903664
G000158315	-0.09597704978335789	-0.047171382566748965	0.020979824154242207
G000158655	0.026487461792429515	-0.050265397215173084	-0.0018821242065489507
G000159055	0.05378437161966428	-0.013093214797473206	-0.048610190993103965
G000159075	-0.02072464231534819	0.038619195173825886	-0.0656894486554519
G000159155	0.027162407822902145	-0.008309035772946607	0.04494404922358874
G000159995	-0.04878184892347805	0.02060295405499784	0.005783278629293497
G000160095	0.03160759664988669	-0.050278001367553546	-0.04034759187402726
G000160535	-0.04453977056159775	0.010970727545542484	0.045423296448158255
G000160655	0.03414834971023605	-0.028106341174417057	-0.004955405701519729
G000162015	0.06180120550598742	-0.016739390802139043	-0.05588450632655933
G000163515	0.016282916133227732	-0.02466907558249327	0.002676783837225287
G000164865	0.03365124863833557	0.02221955150539958	0.023610590435413796
G000165735	0.007695416154613629	0.0013704434740649067	0.06258845347163323
G000165905	0.03051907970967803	0.0002645511145713586	-0.03971768577229984
G000169035	0.04236733058615559	-0.02311888413196729	-0.04319337422600008
G000169235	0.051545271429533	-0.027040510790903586	-0.013717753207462468
G000169255	0.04719646116607327	-0.009814292711221613	-0.019629859057193142
G000173795	0.012437024994547963	-0.01746557571998441	0.01424339487436157
G000174195	0.023100074979205947	-0.02222892889266345	-0.02336724683686183
G000174395	-0.004339366546404957	-0.05296148532920248	0.015863450811922617
G000177015	0.0448599371241282	-0.0017421537589707703	-0.061649009970533054
G000177075	-0.05340515212240786	0.006924051398040939	-0.011903784511819263
G000177555	0.012806688512241576	-0.019672017136848668	0.032953953780481424
G000179055	0.0030984864643713375	0.05259684837801713	0.05893451089250881
G000183345	0.014352162136324608	0.13381926420104512	0.004331693478812799
G000185385	0.023509653964793646	-0.0303156234475326	0.02344573256568365
G000185845	-0.03500941746495449	0.03958081222866306	0.024409016374871396
G000186425	0.0284302224205796	-0.020211889070973158	0.03301185345405397
G000187895	-0.09187453853267057	0.01300886384454236	-0.12418364152377777
G000188175	-0.0024459555925431396	-0.03282327454118434	-0.024100635527675544
G000188195	-0.05757659376208909	-0.036871357775837096	0.04546142861865219
G000189595	0.04179159514840608	-0.04716343771933579	-0.025543184427886674
G000190535	-0.048024704375629446	0.03174446348862971	-0.021135309099728716
G000190575	-0.06185613600347074	0.01837930751003004	-0.027259104533187174
G000191065	-0.027708694253033076	0.03679927635387004	0.026766746598230702
G000195315	0.04686600302812597	-0.01131537811245189	0.013981246633682401
G000195635	-0.049667510913732185	0.026688060033764283	-0.045894039391439226
G000195995	0.027651439701859785	-0.0035971518734771463	0.040036396720357144
G000205165	-0.04291791611425607	0.04230088325041707	-0.06365050800436542
G000209385	0.009695782855550996	-0.05191385159457234	0.020247027010760574
G000210055	0.037498693775222525	-0.0356667785764208	-0.02271108512043072
G000210555	0.0002326084866981978	-0.0340657575761386	0.012796823432563257
G000210575	-0.0016266537449850054	0.03607701600741043	-0.0779398216526081
G000210615	0.017186706067928357	-0.026150440418614293	0.009817726070885883
G000210635	0.024216452150964875	-0.024580852716001703	0.025863080860168336
G000215745	-0.013593541019386418	-0.02960102141304716	0.026093176938778828
G000218235	0.02277749304549477	0.010522301487093282	0.048072363417003376
G000220255	-0.01172777009085228	-0.006691175346186313	0.034803133984723594
G000221545	0.004106409885063633	-0.004797320361796652	0.05908790186731611
G000225345	0.042545455188748506	-0.031739072088851406	-0.010614675813393232
G000225705	0.040853881220718605	-0.014234457328787318	-0.0283472486788562
G000230275	0.006097003751877453	-0.0234677777536564	0.019419464935421127
G000233455	0.03311997119296717	-0.023101099937169366	-0.034117623683309194
G000233535	0.05438994543917902	0.00023313561091640547	0.006156312468883979
G000235885	-0.052294166405340535	0.01689165227272697	-0.06854217063894007
G000236865	0.04088362627692351	-0.033432133261842294	-0.03048386456498602
G000238215	-0.03660246323592654	0.014545336060485145	0.03394459538407498
G000238795	0.010794460904760998	0.09666725333444515	0.04453159076281349
G000239355	0.0245281545064322	-0.047848315564926455	0.02952053284260749
G000239695	0.05039260091339077	-0.023558567205384143	-0.005665746474809982
G000239955	0.04192426993360747	0.07711974673231199	-0.02707989029430623
G000240185	0.027218352799637056	0.037212401028064696	-0.012667750538964838
G000242215	-0.08663809037038737	-0.029636171929658436	0.059321772799336384
G000242235	0.02094657803462734	-0.023005897664219906	0.025156934786975987
G000242335	0.03442944893285865	0.046610693534918875	0.03313080572481958
G000243215	-0.04292912687949396	-0.0059169808733399816	-0.026914118157755233
G000245775	-0.07966421916560225	-0.10978767971841924	-0.0832748279522421
G000247895	0.02752016548397501	0.022438016578306904	0.022271949272118837
G000250875	-0.013259742580452082	-0.062398978278217894	0.016189264462043017
G000262225	-0.06883242328309906	-0.008014719310338996	0.05228898748612274
G000262545	-0.03604710548703061	0.041762281027448715	-0.009772665615351298
G000265365	-0.0411446112037795	-0.007748677220957003	-0.053666716755687356
G000269805	0.024256436573770176	-0.052920586559897884	0.009685791108547403
G000277715	0.01669166431107165	-0.03305090918038681	0.02321358770266474
G000283495	0.025668410648675175	-0.00465370281600493	0.02287383738377419
G000285455	0.02132892661040989	0.04859915353671485	0.011599817123507564
G000296465	-0.04130198703469481	0.04625387471649512	-0.0612115721647737
G000296505	0.04264641295193827	-0.04501098198770543	0.025028214682002826
G000297775	-0.011000905582150288	-0.060689091054609186	0.013721784091504128
G000299455	0.01699287881352476	0.12492417549467243	-0.009981260113901996
G000304215	0.02856796612429232	-0.006694474010028578	0.030477330577665846
G000307375	-0.05430341813475388	0.00975157560984561	-0.0877113946014837
G000311845	0.043559888619723194	-0.010015991471902961	-0.0017849885843240095
G000311925	-0.0269907228215911	7.993503584883139e-05	-0.019545505797767163
G000312145	0.01031956166264432	0.05133945963926236	-0.030878177048060486
G000315485	-0.030863697192480954	0.014638149800005279	-0.07150410087535342
G000318135	0.03318451274862622	-0.04962080758429818	-0.0011693194926772322
G000321165	0.03780146152648599	-0.01450234844594339	-0.02411812509436366
G000321205	0.003489309195168624	-0.015630963503108827	0.009792657861545267
G000327285	0.020629904950895582	-0.017548129929188874	-0.0026277347404394507
G000337735	0.043152533596135155	-0.03455919042807054	0.02856248459876952
G000337895	0.04322098354711258	-0.03457884558491543	0.028522008136854102
G000347695	0.02927383290373979	-0.010328386436628896	0.004319954269875934
G000349975	-0.0316754578872879	-0.06224928411406393	0.006215561204657661
G000371705	0.04175743560147833	-0.027748000284616377	-0.041409916361019025
G000372405	-0.04573763978902202	0.025274985354127314	-0.01365202278466026
G000373885	0.043569043823102956	-0.025342283325400932	-0.040162746911148184
G000374405	-0.048225113459766315	0.020747395739349476	-0.011433221365759565
G000374585	-0.07165686977585076	0.013729511386681605	-0.026702835087024056
G000376885	0.03841598579465032	-0.004761188385926599	0.03600855525547138
G000378745	-0.04545561149927517	0.021784996474297737	0.004452491976038753
G000379965	0.03713871804213044	0.0156883510554927	0.030368112376780384
G000381365	-0.09704931936606605	-0.032283460152760526	-0.09328958592988487
G000381725	-0.07822882049913482	-0.03144173823216212	0.06624433278209792
G000398925	-0.0012027093834417013	-0.05053855936889475	-0.07055652127305301
G000403275	0.023803456979957102	-0.019900310477725752	0.03600854116404696
G000403295	0.0021509251961899915	-0.05014836927271641	0.0047306881094641645
G000403455	0.005392564442880923	-0.03143900397592254	0.021069930934520854
G000411515	-0.04962835408730242	-0.024809510676189653	0.040853926301356674
G000423385	-0.07400935671551225	-0.09670380663990452	0.014070245770739374
G000425005	0.029578183690325437	-0.042019838257033745	0.00256859420967847
G000426565	0.028585222706099884	0.045435447517284386	0.03739007408539711
G000426585	-0.04638055566751541	0.010293467636838999	0.008957576084904094
G000427365	-0.058078054157944446	0.016498024828829495	-0.01619330066104857
G000428205	-0.018431720891500487	-0.03561789961851035	0.0439219534783216
G000428565	-0.0597692153819488	0.010926749299780953	-0.06934483439459803
G000430525	-0.0488113444422099	0.02364998060007665	-0.011053032766010749
G000431015	0.0530808249355155	0.03445537702661042	0.02649532065154743
G000431175	0.009477489433077822	-0.0750445671778378	0.022188299533474853
G000431495	-0.013204911593713814	-0.05259700862871437	0.03275594657092159
G000431915	0.0505857399235876	0.10309436566538469	-0.013594136508982963
G000431935	-0.09841750306192971	-0.012102084781035733	0.048261698938436515
G000431995	0.028671211469272036	-0.01773062305072681	0.02446501765149725
G000432055	0.009428042064502743	-0.016745948204466895	0.012923099025806779
G000432435	-0.004302898051017467	-0.03352576062086436	0.031803097262653166
G000432615	-0.016924329698827612	-0.06699789805707031	0.03458314692814962
G000433375	-0.03207305694702158	0.10141161595912711	-0.05867163639188845
G000433575	-0.043791518164391356	-0.01028294392807213	-0.019508454524345648
G000433955	-0.040059926985738625	0.010432171671093171	-0.09743933066256825
G000434095	-0.04551271195262606	0.024710514035289417	-0.005659318387668414
G000434135	-0.03332857280351984	-0.018422886185386657	0.027147959976949233
G000434475	0.011480276903235487	0.000330684710282655	0.05370800180965536
G000434515	0.031947535643644054	0.11826621740216545	-0.0034448717549462765
G000434535	0.04591063074548298	-0.015819671965886753	-0.010601865861905068
G000434735	-0.04897659055667519	0.023584871346290254	0.008156484242752674
G000434855	-0.053528884766893395	0.043108303667490896	-0.025060939056977365
G000434975	0.020553389670424197	0.08686828007853634	-0.0053629297586567076
G000435075	-0.02625875501560466	0.017471581664759213	0.02240498165097829
G000435555	-0.0007536298945300671	0.00946408496581707	0.023541985502491976
G000435635	-0.04816187681887479	0.027987446948257864	0.03131781013071847
G000435735	-0.016353839269230584	0.0235546909509945	0.0012475806343174537
G000436035	-0.01829972540809171	0.0971825654126728	-0.018241352715217995
G000436055	-0.11099810053347996	0.016242350781572282	0.028350611374193434
G000436135	-0.06925297350105268	0.00414301035649937	-0.1183184588403262
G000436195	0.024775554428388875	-0.0064533231683516065	0.017279534769319652
G000436295	0.00234383890969123	-0.03132737149526299	0.00566952230036782
G000436395	0.015284598889172229	0.002589144581982144	0.007906197265565986
G000436435	-0.023678721254176523	0.035873583914667766	-0.08178914320759004
G000436695	-0.031795878500303146	-0.04623373820896564	0.0295966493365562
G000436795	-0.09224976113208884	0.021496196904607214	5.116302321859652e-05
G000436855	-0.06091131306621388	-0.008983512299968074	-0.0692083125550954
G000436895	-0.04171016527539288	0.042871353820555305	-0.08506038760256089
G000436915	0.04686349467042297	0.03771613916363708	0.03313598722453069
G000437535	0.005545095942187912	0.08232075257705661	0.010558053845883547
G000437675	-0.019047457769960887	0.08586623883194695	0.0016071256253922372
G000437715	0.01607562690657446	-0.013495649900776618	0.011315950736385097
G000437995	-0.061851019855824224	0.0021598742473399493	-0.05175205550826059
G000438035	-0.07170239756779181	0.0029001930514866445	-0.1386347567373001
G000438395	-0.10054157893366053	-0.03082327218382224	-0.10794077175674369
G000450985	0.0245939060554337	-0.04035544666376462	-0.07433018373363647
G000455225	0.017828004664969196	-0.0004292967798503998	0.05291580373441236
G000455445	-0.04005282660173327	0.019324050883157386	-0.012551442781703219
G000463355	0.020917453477438185	0.03607207207884666	0.05321878317087582
G000466245	0.024059403942137948	-0.0754145534675468	-0.01997478102971527
G000466465	0.048178965087383056	-0.015679996830290418	0.008409549685534857
G000466565	0.02769654801849552	-0.035265354264608986	0.00681597262383446
G000468755	0.032305911899049584	0.011566287224353052	0.031260452370399185
G000468855	0.052410613805995085	-0.003228457377195372	0.03154462469869764
G000469445	0.08125809989101591	0.07880152273949709	-0.06030014752009309
G000478965	0.010161113587653103	-0.0018520410054279728	0.06457914578928989
G000479045	-0.08986271906654733	-0.031636173918126946	0.048323483483951137
G000499785	-0.051864528523681015	0.019288251898730187	-0.013746859251629164
G000511775	-0.0711022070562458	0.018994830919122137	0.005874971044168597
G000512915	-0.05168530714512529	0.02000487187374364	-0.019319732516015247
G000517545	-0.07951877350105398	0.01706725191653772	0.01587147499511997
G000519105	-0.06570663521166947	0.015321790774383984	-0.033678941670256576
G000524335	0.05617036327717605	0.003742976466590793	0.030743589460446977
G000526735	0.00876233121008633	-0.04770045445287927	-0.11171175300150692
G000565075	0.03219305197189699	-0.04174854620045527	0.029936956038244703
G000585355	-0.008360852378154891	0.05126946265275255	0.055135761682755705
G000598465	-0.02877706737682087	0.07234729461209476	-0.032259663395462504
G000598965	-0.028548800170207222	0.065743204418343	-0.03609773305683282
G000599385	-0.05561798913170434	0.009643313561376897	-0.06938381208490421
G000613345	-0.04806780503418614	0.026232992041160644	6.753678731759548e-05
G000613525	0.049765593289201736	0.04849773132386504	0.0352963884132753
G000613785	0.03461576280481011	0.0209784712703731	0.045466657976324876
G000613805	-0.06408660149979717	-0.017559549460887745	0.021298255741926942
G000613925	0.01954288259324238	0.01014575054872532	0.04079132310742825
G000613985	0.033643610525616305	0.020936030863638714	0.03111294218311974
G000614145	-0.05139735366796956	0.004674727465062399	-0.04934680417918326
G000621445	-0.06894218568117345	0.003532945594269805	0.05466772519991519
G000622245	-0.08842931202523201	-0.052111182375511975	0.06162599067951285
G000648175	-0.01679592529256333	0.006364725637855269	0.06351736724899389
G000648515	0.022237786887637934	0.004911693090686919	0.03282169847349805
G000686565	-0.02171076097059403	-0.05981404148474816	-0.06089389909124557
G000688375	0.019156483561867107	-0.014155933454996132	0.019499445023296754
G000691645	-0.08338902726228363	-0.02474020553670468	0.06829332572260173
G000691665	-0.07039486372589811	0.0012869969018124655	0.05961671900687915
G000691685	-0.069555735527958	0.0018049619046662537	0.060438352801795034
G000691725	-0.0695932527467944	0.001471668372558356	0.059686501967237474
G000691745	-0.07056614882598032	-0.004245244784740842	0.060071084880176616
G000694955	-0.00018283501806537483	0.056306774159780144	0.004625381378194788
G000701665	0.025689209860818445	-0.017214820004049163	0.010568429508409947
G000701705	-0.005838953994318443	-0.08203197855594288	-0.03233224450900168
G000702025	0.015932953586151193	-0.0211392509062396	0.02813782119358388
G000723745	0.02891830220557968	0.08066398045635177	0.032936822248384685
G000735365	0.03261468727966844	0.02897603529899522	0.02787807871156571
G000735455	0.005389602661966736	0.005483712672536378	0.01573000820320267
G000735515	0.0018478900587171698	0.02243969736104394	0.024097692634486752
G000737865	0.029900112632418718	7.123005978208932e-05	0.029833312004350767
G000738005	0.02544697207856591	-0.0006827407531252189	0.042317599191573095
G000741135	0.025208586495297183	-0.004097086694711934	0.010661902127754103
G000741165	0.028851306682123143	-0.0033490254789734952	-0.051459103033448673
G000741175	0.04668876850812279	0.02188270072201018	-0.10562557167657069
G000741205	0.02436554402939277	0.0023408043908957213	0.03453743439549331
G000741215	0.027057100376715413	0.006249201508024986	-0.02690480684833211
G000741255	0.0324526233130412	-0.002855855515723812	0.038128098239237365
G000741285	0.0323269812888511	0.0047541049166634425	0.02137239510047685
G000741525	0.025332615231978675	0.0005925628925150709	0.03336778699164558
G000741575	0.02955519943367414	-0.0011245520493698364	0.0021977537224719167
G000741645	0.025638338682174806	0.004765437242653046	0.026040488740110578
G000741695	0.0250579806293436	-0.02638249772701407	-0.1519915401199756
G000741705	0.026645427541469462	0.005003332996627599	0.040964919757955125
G000741715	0.025496813283112565	-0.00923165859604836	-0.049022765945453045
G000741765	0.029179516994651572	-0.00819245704542577	0.02599871407930231
G000741775	0.03172708105821539	-0.00040724618409709515	0.018834580078638776
G000741785	0.0410265758113125	0.004230276908767227	-0.0818946512383999
G000752675	0.06477984829780609	0.00991038064991935	0.010165329999464812
G000757785	0.024966725885883157	0.002151620945738823	0.021018133416061745
G000758925	-0.04776629467817346	0.025103789190812027	-0.012274573167117527
G000762865	-0.03077183602346433	0.03425672669801019	0.004315290837347687
G000763135	0.041313409506340874	-0.011000107616975497	-0.04029208784690108
G000763765	0.032129312805211016	-0.03467946374385034	0.016675304039746715
G000765235	0.04054753647407705	-0.027291757861461333	-0.02219066134183907
G000767175	-0.018396573073899206	0.06822627686221971	-0.023500885245183324
G000768955	-0.05938856582537192	0.00823854325971518	0.016006076038558175
G000775615	-0.06714107808992736	-0.020797788545334723	0.06753258858473338
G000777575	0.01319026801900236	0.11820886075294217	0.01909518288494879
G000777875	0.01952343506036849	0.11653344560251136	0.028184819538253386
G000778805	0.020386099411503076	0.03852608637165671	0.00857581805102956
G000779535	0.014707266032992416	0.12119509293246511	0.016710544297016443
G000781475	0.016922450550956977	0.12274744068433234	0.02014381038411039
G000784965	0.011855755467651047	0.010435139138562005	0.039935728210618124
G000785515	0.03143029647843551	0.041154375706441856	0.027357452352869183
G000800475	0.033488632048774836	0.004367637800982185	0.016547120640441237
G000803105	-0.054609197129236405	0.016556084052744908	-0.003912264051293777
G000813025	0.025271837326837004	0.0009450597607121376	0.027323589110636582
G000814825	0.03668834821296295	-0.031134065565510464	-0.01966460381142891
G000818035	0.011396291034705455	-0.03967787539877833	0.034245356978412814
G000821265	0.0430449186618798	-0.01714588994555641	-0.018073981008794697
G000832075	-0.001466941664460506	0.04103018719098332	0.04115676840554331
G000834015	0.005914689046268528	0.07784593032462483	0.004734509900588623
G000944155	0.0019483126561688352	-0.08497508565009987	-0.0448800882354123
G000944855	0.020101821779621408	0.13027734883553127	-0.0038701644120263533
G000969835	-0.045110615492292776	-0.011471026116273346	-0.010134196423932339
G000980235	0.036274495872020925	-0.022267171439570715	-0.01337846010079457
G000980375	-0.057219485964445864	-0.017302120964640094	0.04153604342435612
G000980495	-0.0168593895795158	-0.02576905206251761	0.025433784850307787
G000980515	0.016073510466301406	0.00868103354388475	0.02896289909578603
G000980655	0.02444424105843204	-0.007213200396593068	0.017869838943018253
G000982825	-0.003489372090249693	0.016913144667878993	0.025342517167162917
G001022135	0.01719399628576633	0.080341186227306	0.033128880227189905
G001022195	0.023396749776360217	0.003096934845002975	0.029946424972466863
G001025155	0.02634995997190346	0.0005460007616848103	-0.022725732874465734
G001025175	0.02620211520942837	-0.0018572460604885294	-0.048043858412958336
G001042595	0.027899215700110728	-0.004282109407913695	-0.004833453887088438
G001042635	0.030037183264137048	0.005277075966768088	-0.04730534961200769
G001042695	0.026769602743148074	-0.018079355910475704	0.05305739797427473
G001045675	0.022689170225251663	-0.00023446091597357027	0.050878845913962925
G001049915	0.05050760265490525	0.01933587563511434	0.03328779418874908
G001066585	0.006100857118933873	0.019432642281219745	-0.012076453456485586
G001244495	0.04788778192014801	-0.013413561775187622	-0.03713179467619771
G001244995	0.045235134861624095	-0.003596429915880142	0.007455046258131293
G001262015	0.02002173242746488	0.025572882471332152	0.03415485052329108
G001263395	0.029145639275268153	0.001996310334311405	0.039145730480564966
G001267865	-0.007516265381758086	-0.008179311666736569	0.024564233111628947
G001275135	-0.056402158686197565	-0.0034521220759885234	-0.05394563538963866
G001280875	0.0398934940709121	-0.007574693549585618	0.013129644094502645
G001283625	0.01984322628368079	0.13176371992818553	-0.004019776937224607
G001304875	0.05798635016126535	0.0032062867847774657	0.019671742930898368
G001305115	0.02731332859201303	-0.014865720257345784	0.0023243977055770774
G001305135	0.06630474920840021	-0.06386635895765244	-0.08792173985164173
G001308145	0.07613082617407922	0.10901410764672373	-0.06226240863249806
G001312505	0.0073303971373868395	-0.04127088047711597	-0.0016913866086607542
G001314975	-0.05817304846736701	0.018175470531323182	-0.06890820211798401
G001314995	-0.02197715203615883	0.04024277880399434	-0.07555327167034442
G001318345	-0.027430459296861803	0.019555989020238803	-0.04818933185989435
G001398415	0.021129066474537668	0.08292557571503355	0.006215896718730419
G001403595	-0.06081297823832969	0.003631340726665452	0.014114876627902432
G001404335	0.029163300821767785	-0.029305349681042085	0.017564814871249678
G001404455	0.037196393619156616	-0.0250652231867689	-0.0005362368009259147
G001404695	0.04551938729000562	-0.006311193940487169	-0.03775822623737552
G001405375	0.03730708613316165	-0.03094118882528555	-0.037197336691304865
G001405615	0.02035932600125032	-0.030475337452700483	-0.0078065526752878365
G001406335	0.020171859461371497	-0.028461845992474304	-0.005476957211353236
G001417815	0.04149580862932122	-0.01681642555748633	-0.12962342570904886
G001436895	0.03924276408069595	0.07141232781050982	-0.023531026447744553
G001444445	-0.02654842097342296	0.047526089991133655	0.05554738600782299
G001454945	0.030464840139171098	-0.008490483252030692	-0.02068158410599647
G001457795	0.05083292237976419	0.0034451695681910316	0.021356459245584016
G001481375	0.051878129886918985	0.007050805871206674	-0.07988480097059332
G001486665	0.01586757556889456	-0.03702768340568278	0.0015274220203124523
G001487125	-0.03025263714227066	0.04029813952209371	0.03597063992379135
G001494635	0.05590968826101648	-0.0013094998916050387	0.009354490024740637
G001512635	0.03221102164712819	-0.014485644507094098	0.04480814865516172
G001543405	0.009645251939803865	0.000979859307124897	0.04058710433452911
G001552785	0.011285032582922051	-0.04357515118271763	0.03197988521217236
G001553935	0.00932830474030121	-0.08082185633974684	0.005520799194958457
G001558935	0.030400535206115447	0.006351545917999845	0.04893748113354395
G001571285	0.03162331942859148	0.07662838011500747	0.039844681815470094
G001584645	-0.008939859726683435	0.021477279458550488	0.03915620645257147
G001586165	0.032307114389853925	0.03829929069989189	0.019516538927726722
G001683355	0.002932307752749632	0.06649394774017181	0.058816065627485856
G001688625	0.029725501647884327	-0.010732975778217226	-0.1497723901681894
G001688965	0.006800617040269527	-0.03402867660973555	0.014439801927209608
G001689425	0.004310857353688378	-0.023581072626596655	0.02989808965706852
G001689655	-0.02349194417782009	0.04157907015272918	0.018224734461668883
G001701255	-0.0499991639166153	0.008971823378030479	0.018113709090636813
G001701295	-0.041784194641506865	-0.0044001019540246145	0.052862412524607064
G001719865	0.044192968617793815	0.037061209902376165	0.052504402734730116
G001854465	-0.06834275342731777	-0.049406164410805684	0.03531215192193263
G001855385	0.013142194692966043	-0.009996791023468744	0.04143292425831156
G001884305	0.03901320257762652	0.07132418257944816	-0.025656047343824255
G001899425	-0.008425306440772115	-0.05321508013764224	0.03509762274289284
G001908775	0.027328521892607177	-0.01859504493831181	0.0032269098931624785
G001915415	-0.03626149355600267	0.006766133206871072	0.004443056836541096
G001915435	-0.06740485726497425	0.017976587675456655	-0.013752530499946035
G001915455	-0.05357512489176153	0.006436697953659434	-0.05867749244386079
G001915495	-0.05881224711543776	-0.012858433220240599	-0.052371856543365826
G001915575	-0.036852235126995196	0.008241028388956947	0.0026460624148227706
G001915615	0.01960088051607714	0.09272271620941656	-0.02686052416860651
G001915655	-0.045963599566623055	0.028230416480721717	-0.006121663111539261
G001916495	0.044621006565114425	-0.005885299187483023	0.004535297308791195
G001916615	0.014015915013914595	0.011449785974509604	0.029045630233660292
G001916865	-0.009030779222931313	-0.02304527602339938	0.008503510065288314
G001917125	0.024234220443120083	-0.007600984929584966	0.017820546803143475
G001917135	-0.031051348159806078	-0.010793425042348271	0.02340791727898749
G001940855	-0.026277366269395336	-0.03491410668003531	-0.00032718245558992925
G001940945	0.021380536491833926	0.010017698112980294	0.010805517667663697
G001941055	-0.06255047532588114	-0.007677714466351589	0.025985810443412468
G001941065	0.02915215421610908	0.0418899917355726	0.016305867094386015
G001941125	-0.0766019237138635	-0.03547176018125659	0.048996261251168585
G001941225	-0.0753663777138874	-0.025727507871515072	0.04638581897471497
G002032965	0.022223209256882943	-0.0024149737717492287	0.0508193816159174
G002159555	-0.059493433496691735	0.035352657153538455	0.03807516274546323
G002159625	0.04678720834274304	-0.005478565415619567	-0.04559578400398467
G002159645	-0.051799617980050526	0.010715085371359208	0.01486387540324175
G002159835	0.03016570353965348	-0.011942000580489014	-0.0015311925282610354
G002160015	0.02051513318369271	-0.025110877976023918	0.014072586452413894
G002160025	0.029461314829024296	-0.006497603593360496	-0.007889280222052762
G002160065	0.04068783285628624	-0.01326991186853859	-0.010929506089847019
G002160525	0.023486314405568122	-0.02232072045668794	0.018160861595660546
G002160755	0.03810160939345217	-0.028890038965618554	-0.005889551311413568
G002160895	0.054521007320063604	-0.03557828399799535	-0.04626156487554461
G002160955	0.03909279671915939	-0.015724621842896306	0.00968237636577897
G002161065	0.03933298179351541	-0.0008419464216037259	0.010506530024953414
G002161285	0.017925106446697998	-0.015497006880822813	0.012558087528153798
G002251205	-0.01459623391650094	0.07042555035653451	-0.01495342849005256
G002251365	-0.040291885455459565	0.039726994907670544	0.0057097955982894286
G002251435	-0.04149150956315725	0.057452321315626484	0.00568040676379025
G002259605	0.030241790761669975	0.0013091160719264003	0.018879171359372993
G002259685	0.027067639246017534	0.007166037932470434	-0.041193086959446235
G003014445	0.02970975495304246	-0.0019033241356114694	0.01810790899246648
G003072045	0.011065565909974425	0.06624085670436992	0.05815651922504053
G003148945	0.031374102258479336	-0.030861108185405103	-0.01178325839554011
G003150645	0.0015471297405731184	-0.04753258187431781	0.025575607929313262
G003265305	-0.04241988680697505	0.016810215476587887	0.04699107775246263
G003315635	0.028361442787251497	-0.003323205367257837	0.024326526877219635
G003324125	0.042138865846178486	-0.03371223453915208	-0.04165325451776469
G003340315	0.043678592997125135	-0.009323342531969913	0.018945474967219173
G003343915	-0.04549582908526082	-0.04569413063457565	0.027639482517395078
G003432035	0.03371770822130353	-0.013694313492919845	-0.0012294680480939083
G003434045	0.018060083506304073	-0.04190804098213784	0.00745397416591429
G003435055	0.021729128303337095	0.005369448494225328	0.034291389622908605
G003435925	0.019703182381416804	-0.018600031312363926	0.018262736594294553
G003438995	-0.06038385237018938	-0.009565324839478851	0.011471491379081053
G003457795	0.0125559469158245	-0.02186005274726256	0.03257071208207915
G003458885	0.025917992105652942	-0.03304030571933118	0.014853402512960462
G003461285	0.03610922968469083	-0.02575654530594162	0.00922736346324063
G003467125	0.031438211425361455	0.00927550070763298	0.05957684658038831
G003467845	0.04650223259992831	-0.022603614422951567	-0.024201815680796913
G003477885	0.02940889032786101	-0.03030258094482467	0.015366692207598034
G003478165	0.031223451232153334	-0.03189394161420782	-0.0030410484627052046
G003478285	0.038973279996076915	-0.025592944549751345	-0.02060063234245313
G003478355	0.0343660189205922	-0.028964766755222974	-0.05820954730859911
G003479825	-0.05869053348825002	0.02011787123304061	-0.062083415473708874
G003479885	0.014273975655480163	-0.025675085946319537	0.01740759667348342
G003481355	0.005315395792187385	-0.024863430349781574	0.02332453000910788
G003481825	0.034497330412779685	-0.03819696327265056	-0.006850481406979629
G003481995	0.02072647152118154	-0.022514366087363877	0.008204531079963719
G003490145	0.033499776458883766	-0.03333487822412035	-0.008415481798196863
G003611805	0.027801587077154775	-0.005878799596037917	0.03487268110145789
G003762615	-0.021402133270969393	0.017984257706540704	0.019834246394230672
G003762715	-0.023173799486446562	0.0014140067433681847	0.017450080234582437
G003762745	-0.04367620695133882	0.005369191221077201	0.00036006871308879565
G003762875	-0.04543730103835948	0.005797140531808287	0.023989583351336347
G004102775	-0.010916318899962928	-0.030317947296548645	-0.017800826023436675
G004102785	-0.04776051490394302	0.004892772096590394	-0.028352470099153593
G004102805	-0.03350351592251769	0.0132701101313113	-0.004288121706813558
G004115465	-0.05518444493319735	0.028232309713151146	0.00704176872436961
G004127505	0.03081172990398411	-0.002460049584498115	0.03654414508454566
G004341685	-0.029635772846934187	-0.05639863531952135	0.03218145342831377
G004552135	-0.009653893144795896	-0.0015132408463138386	0.00554175468919098
G004552795	-0.03678226377127028	0.01760805030554605	0.024395426738569904
G004553245	-0.021500964445124008	-0.002967892359734974	-0.009452337569735668
G004553345	0.023409435062837783	0.0667057244901927	0.012167812356388351
G004553635	-0.03778469869316148	0.03339322260759835	-0.03042269929390137
G004555055	-0.021604334171950568	0.0002837932729563654	0.0038087558234183925
G004555765	0.0031597516479159836	-0.010384543663156547	0.016291831290082527
G004556045	0.037738120941628366	0.016727757000347853	0.01022813216983694
G004556245	-0.05200197151888939	-0.0187007638555719	0.0459601871232176
G004556445	0.005149937554478156	-0.07357817931354114	-0.0037680725372874853
G004556705	-0.027773211290206528	-0.002588015078130058	0.016791288395033382
G004557065	-0.006938067962824005	0.04375416667311011	0.03831926732323777
G004557245	0.006443455788176633	-0.046875118443011184	0.011600918854774793
G004557415	-0.03170097227417334	0.023603666806466632	-0.023054583434557234
G004557545	-0.033616595488512604	0.008340575338062145	0.04385984813514184
G004557565	-0.013671527632987183	0.012271806931496427	0.04029751593084316
G004557655	0.041508765282915534	0.010299054522842951	0.014794017341755922
G004558425	-0.02378731904086244	-0.040112881278322125	-0.027177968742171547
G004558535	0.0007128002961174456	-0.013912064775354928	0.011695895211612947
G004561075	-0.03651156299169939	0.0142972828261627	0.03892047521691064
G004561445	0.00808532427084676	0.04959505367571799	-0.004560792553402151
G004561455	0.003653374489574264	0.0908123638510683	-0.004793202550522282
G004562255	-0.02982070969065061	0.04723706804983115	0.03540005814985721
G004562975	-0.0037120483913003263	0.007347322171849028	-0.001194142351521627
G004563195	-0.013628241163603762	0.068798589517331	-0.01012802113078155
G004563615	3.460507231791552e-05	0.0021800732317082527	-0.030935722908932258
G004792655	-0.04710423084081149	0.026537192917164918	-0.022477827963083178
G004792675	0.00039286903225166424	-0.0019050467852431395	0.018459039976448644
G004793665	0.04530580990053993	0.0008253197055853772	0.005966481675332088
G004803695	-0.0540784616093668	0.008406634680334557	0.013938323576683459
G004803915	-0.02339790092202596	-0.030855945399368433	-0.004957557748210086
G005048345	0.04266658032951067	-0.021911552258226167	0.006419086456846441
G007293315	0.014076660836104312	-0.002697694323001485	0.03449041679387884
G007559425	-0.03847634840387566	-0.007808120532561143	-0.0066478599735570396
G007581405	0.002244738613711343	0.014435229778125254	0.023160654717187614
G007896885	-0.03704838701796544	-0.021414399708588477	0.027160813016863572
G007998125	0.01710357243687875	0.12731206247807614	-0.003882114708641566
G008040105	-0.04599092105160732	-0.029303529667973213	0.05538298166739476
G008273775	0.017106660321069694	0.12247784399299046	-0.009718884488498768
G008667375	-0.011810366357598558	-0.023828202555471672	-0.003986424298752813
G008679325	-0.04698628701778686	-0.004091615455616742	-0.007614052012438196
G008698165	0.02697498136252077	-0.06319863865719919	-0.13094186481356473
G009695875	0.045795326542418476	0.004020860849591036	0.029481323478054038
G009696045	0.03351421126641332	-0.03433550619238918	-0.026870023498608873
G009696485	0.0394939030710739	-0.02955536947347637	0.016940431738556663
G009696565	-0.045469831295082704	0.010587888724998516	0.009298002112789317
G009774765	-0.011740758471348835	0.014112379276289081	0.04924916034633701
G009774865	-0.05251350573858903	0.032179126895747465	-0.01789932589158406
G009831105	0.019625851989331092	-0.02851607157417868	-0.0013275816891239207
G009929575	-0.048039196779011625	0.020557126433149758	-0.008916009508302208
G009930375	-0.02856408033593284	-0.026898570442187367	0.04227438362787319
G009937725	-0.02036577859244137	-0.04472649503914076	0.038910608538104435
G010367435	-0.08016643820908814	-0.027329249395283195	0.06513663094978152
G010500965	-0.03265517343769605	-0.026372468078600636	0.03446792877237169
G010537155	0.03539920459729591	-0.02845580396751326	-0.014562700975004391
G010592515	0.013069321782284536	0.01891342933078158	0.027326202514551815
G010667615	0.025701259731221025	0.004058992020391122	0.0038826207707545113
G011959405	-0.036525134885927825	-0.0062301956758044185	-0.005011125514051858
G011959465	-0.0044701060535249585	-0.026602369579402024	0.025315342044028556
G011959565	0.016358025097452704	-0.025844720657239497	0.02230522615644429
G011960185	-0.043171804034492306	0.00858671396998302	-0.01963682483985117
G012102505	0.02103075822987155	0.007844954989919132	0.03456366628513743
G012161415	0.03677578285863474	0.06855818982717297	0.008049485760300151
G012357415	0.01836939003832223	0.126496578033716	-0.0007946248960820754
G012932365	0.026733537296342643	0.001625147476094033	-0.05611741520267077
G900021155	-0.04217247826607777	0.018091489131835725	-0.013206279943817643
G900046475	0.0440565721477677	-0.012870518971204692	-0.03427739918379378
G900066095	0.00211004369098889	-0.0449076356865729	-0.0030779541301452504
G900066135	0.01695216562150298	-0.030423867412884116	-0.018169739869871273
G900066255	0.021988604886990865	-0.03976877010778714	0.005988088473076841
G900066445	-0.07687514485542116	0.00270217486077631	-0.022870471591100342
G900066505	0.03198260480183969	-0.020496153754205496	-0.008075090293148133
G900066525	0.04066398988520975	-0.02471016500477862	-0.043828303888212024
G900066545	0.014574272427911239	-0.05596228634414026	0.00867035734151374
G900066655	-0.0571716162201621	-0.0057331862925396	-0.06741130810298668
G900066885	0.04978573731523925	-0.01665426713020402	0.01657391081338745
G900079775	-0.0362641047280308	0.04254085457246244	-0.06239500828829932
G900086585	0.04580420849604609	-0.013268240650659083	-0.05269410185469255
G900091655	-0.056417300301816076	-0.0019038719296322934	-0.038220488008092836
G900091675	-0.00903656421213529	-0.0050127844628301485	0.030269133843987675
G900094885	0.024799954482669848	-0.008747879886627832	0.03764878473458986
G900095865	0.03279494031159446	-0.03068774158754806	0.03236868347270544
G900101655	0.054142561184044265	-0.013511847022867072	0.008953972896691104
G900103315	0.003006369833961143	-0.016727322868103665	0.021022510693756935
G900103425	0.031005498097196302	0.08157333706801045	0.00906663553881031
G900103535	0.017676692448775972	0.003353199481673005	0.06269780111045602
G900104585	-0.06036488974258632	-0.014362304510241227	0.05839877133174057
G900104605	-0.06230886052227783	-0.021666715574890322	0.040981202721269545
G900104615	0.022688203166872152	0.003162085880852289	-0.06163752726021862
G900104675	0.024512067929887138	-0.02208891805630858	-0.015341882917972711
G900106785	-0.029830908485106278	0.05307310742894098	-0.06857732219083404
G900106855	0.039954083718037804	-0.030963105436037055	0.018347151707007753
G900108345	-0.05365283643411302	0.0359532456585762	-0.061847069320320136
G900113155	0.038707158692746255	-0.013093026800207963	0.012500186623067438
G900116045	0.04681562679450553	0.01866759111314686	-0.09135864600969537
G900119895	0.039293948756831	-0.011469475271989134	-0.038989937875047634
G900120005	0.00898427963059186	-0.025240812305867777	0.023123763053183498
G900128475	-0.04321640158088023	0.011709657469372001	-0.09291281554537774
G900128485	-0.05214698827595021	0.04053384282169673	-0.030250305136209174
G900128905	-0.032777973592458653	-0.02979896247276284	0.030958409520067242
G900142165	0.005714143359183197	-0.019415955037572544	0.019628046910231983
G900142265	0.05792864898150863	-0.03606708648069624	-0.03584958981865512
G900142485	-0.01594655376110761	0.024083880728048786	0.026884332891867545
G900143685	0.04552446693342549	-0.019185818175684925	-0.039931185028670935
G900148495	0.02875632513332931	-0.042475225661810986	-0.004919141583176404
G900155635	0.04956212067482202	-0.009318467532454414	0.016417783119120382
G900167275	-0.07696867074365339	-0.004898279750229267	0.047516456320457236
G900169495	0.04445804033622812	-0.020920398257405767	0.013719968508103584
G900169975	0.03968536515091143	-0.013552044623972479	-0.04155322593429262
G900176655	0.04004754078168182	-0.014281133012370825	-0.031177748019115756
G900199495	0.02946861342421573	-0.03432406987142288	-0.034992629225969
G900227605	-0.009029054939777048	0.07283542995897804	0.02315415277521391
G900240225	-0.0629951219391031	0.013904950518276714	-0.006656751967559642
G900291465	-0.06765425387750566	0.0006691100110186791	-0.018507730793046902
G900292045	-0.022830112624952142	0.0062073327278396	0.03706432074228053
G900312975	0.03516727668686537	-0.018532309984002883	0.008576590014089974
G900316315	0.016170276990316923	0.0143820528451319	0.04294416826605266
G900445225	-0.0643459633338749	-0.03656216990009438	0.026379667566631397
G900538745	-0.03493975380368268	0.039989900054908455	0.027682048893596014
G900538765	-0.015999498983510864	-0.037132028178416564	0.04069665060176777
G900539795	0.005769705665738225	0.07621374225799389	-0.026431330020496385
G900539925	-0.0007493497312361011	-0.0627055189266638	0.049631328418475076
G900540205	-0.02508886553846101	-0.016176981732061183	0.03835367097431242
G900540535	-0.06048364913891298	-0.027200248533023445	0.04142054143962866
G900541935	-0.058578401668709125	0.01780532315245753	-0.007908712785783627
G900542815	-0.007260522159003971	0.01417471320318915	0.024676458055490465
G900543375	-0.04125485693090249	0.01241070262923945	0.013269080870462344
G900544565	0.00831744418598832	0.0521066431145028	0.04887738215003474
G900544945	-0.0037026779756622118	-0.031017660299074924	0.03244472424782929
G900545025	-0.034340237970179245	-0.033877396997800624	-0.009713652140168689
G900545585	0.02784658069183933	0.004333107136904945	0.007393057121327361
G900548875	-0.07700961349650748	0.013218656523104121	-0.001360827004558481
G900551515	-0.06294385379144715	0.028952286897717665	0.032666779824499295
G900552255	-0.034258070728110615	-0.007658022398214909	0.04580741720734193
G900552655	-0.03557726909667267	-0.09277521301289338	0.005749292061382633
G900552765	-0.058886114832130874	-0.004329801602393271	0.045442715220362716
G900553625	-0.0576934248112044	-0.0069433362119026435	0.04256792893659862
G900604335	0.0362494234427698	-0.022979850848363754	0.003566063873247361
G900604355	0.03402792624049508	-0.05672387798760381	-0.04513105705674615
G900606105	0.04686434293766007	-0.017901526167622115	-0.047692413940465604
G900683765	-0.0012800953914476733	-0.03197198756337208	-0.010901892684372149
G901212675	0.05350186427699418	0.014115795013377608	-0.03085122528785704
G902160675	-0.008647353332462348	0.051344260707862556	0.04902080318670792
G902167945	0.041373279183359736	-0.01672225425160007	-0.002243726861161021
G902167965	0.026113453396725717	-0.03896055787270566	-0.022250964125698536
G902363025	0.037703023440735374	-0.020619776948056667	-0.061148060479380054
G902363055	0.036198202958518555	-0.006637794553722983	-0.009054136646678737
G902363075	0.04492915001620901	-0.01880524677316844	-0.031111563252026332
G902363425	-0.043005492073192875	0.007708951318382068	0.007281650726716542
G902363555	0.041936990751148005	-0.02359414143245306	-0.0091378567304672
G902363565	0.04030062759752307	-0.020864884312099322	-0.02730466818653537
G902363595	0.02440314614875711	-0.025986718783320494	0.021928968384287567
G902363685	0.020969707995409242	-0.033752633316654616	-0.0038122636447991075
G902363725	0.009305787623638286	-0.05574536495524413	-0.0001822727345159355
G902364485	0.03038856517658269	-0.034078675567327535	-0.014283770695320457
G902385285	-0.04451058791409614	0.021766455102461984	-0.06308065098652536
G902387315	0.0799439048896776	0.03201422354699541	-0.0931104829190934
G902501965	0.04511641407628962	-0.013123865145212021	-0.04184497254417231
G902762555	-0.019863876862956147	0.02006714574398063	0.04055342370073135
G902777695	-0.024284409295988768	0.016302411927948506	0.040357505372138

Site	11	3
14577.AB.TP1	-0.3094708228316382	-0.2928329276851474	-0.017843335788250144
14577.AB.TP2	0.3302816320122939	-0.6189823825389885	-0.07737183886333847
14577.AB.TP9	0.19590097569952714	0.14084624841613888	-0.1570324110380896
14577.AB.TP8	0.18884964960911654	0.300866904507899	-0.26491395143231306
14577.AB.TP10	-0.062257547442495564	-0.048375356878866405	-0.38985486898361327
14577.AB.TP11	0.037842150621164944	0.6015083267086566	0.23587583247841443
14577.AB.TP5	-0.36763597257062725	-0.09910935357769594	0.05302603818120723
14577.AB.TP7	0.1661594674875438	0.16924897651826187	-0.306565167346637
14577.AB.TP6	0.5378820908199791	-0.12523162679293084	0.5645146734634983
14577.AB.TP3	-0.3027849479724581	-0.046043969902401546	-0.14464983946298135
14577.AB.TP4	-0.41476667543240575	0.0181051612250748	0.504814868792103

Biplot	0	0

Site constraints	0	0
