Eigvals	3
50.27267212719021	37.08869537316104	7.921135731236153

Proportion explained	3
0.6373071058029721	0.3468709542599009	0.0158219399371269

Species	624	3
G000006865	0.11536047499774547	0.0009727533207774988	0.02372620936225449
G000006925	-0.07422498140927078	-0.11586679691437887	-0.02919935098270646
G000007145	0.09075982148660573	0.05456140219802176	0.008270763045500253
G000007325	0.07098934175442956	-0.05195957961071488	0.005382718658530804
G000007525	-0.09706510841195162	0.037566438457172224	-0.04872227248106788
G000007785	0.009210746833730531	0.08469747083820678	0.05091417996028324
G000008865	-0.07548245689172825	-0.11393860295938758	-0.030109809297674567
G000009925	0.026180192133165452	0.0016452251587571799	-0.0961952092096081
G000010425	-0.06985027550288898	0.028628527843177536	-0.030279222693874615
G000011065	0.040544224859442916	0.011422083841027832	-0.0854275046640181
G000012005	-0.07190658509819377	-0.12134763840589827	-0.0268090771358677
G000012825	0.052674929010335395	-0.004891241683258801	-0.1533840745449991
G000012845	0.05607681894170827	0.019945563200925553	-0.1103423408986964
G000013285	-0.011997874922502566	-0.14344257564694268	0.004457609300463599
G000014205	0.026942812241456688	-0.05013570949412342	0.036151935611872556
G000020225	0.05796624473149069	-0.03503840803635307	0.02036605811604041
G000020605	-0.024946712008875306	0.016209453374856193	0.010603282784748688
G000022965	-0.01935033479805694	0.01609554447349372	0.017283726297256302
G000024945	-0.014530466550120219	-0.009235493948234684	0.05513221697146152
G000025205	-0.007873159718402169	0.005957110250784543	0.032228011542473636
G000025305	0.02618064031785034	-0.02206864819727409	0.0364062314276829
G000025565	-0.021895453689634078	-0.10403169712288828	-0.011327583313365232
G000025925	0.02099559553058119	-0.004103192067271253	0.07302374801998379
G000026325	-0.056955092466948645	-0.11175106033080505	-0.038235802552332776
G000026345	-0.07230456440449408	-0.11519916612601791	-0.031066313373634507
G000144405	-0.04772860726396124	0.032778975695882916	0.04300917999139192
G000144625	-0.005042341702096358	0.03004589134919382	-0.0033172766744626113
G000146675	0.012599401332437133	0.012158009451295474	0.014150297710120996
G000153905	-0.01790345709645381	0.02444634815942329	0.009530339130575586
G000153925	0.010171911166510079	0.010609123704169793	0.01922590283427652
G000154065	-0.00606587402083897	0.019743129603143315	0.02889609035815985
G000154205	-0.03883961518144069	0.011483414958633694	-0.15476476156104332
G000154245	-0.020912224864948474	0.024830446427005323	0.008877509776410821
G000154285	-0.009974056213829834	0.013167962113876946	0.009659429650862299
G000154305	-0.03649685670273907	0.032851595231638206	0.04536975344339452
G000154345	0.013554374091251266	0.04098076951177401	0.0581752592563994
G000154425	-0.02432941315371397	0.021984174428542287	0.02128922476877089
G000154465	0.01747688745665319	0.008371565203469312	-0.06337360036903918
G000154505	-0.0017529921921273755	0.009345391407611457	0.02820968245602382
G000154525	0.06653030551937375	0.009820607436485702	-0.15114299444102214
G000154565	-0.027518631808750485	0.0422257086185254	-0.061366455144642465
G000154845	0.09357474730021079	-0.017922526922748542	-0.12052795732601028
G000155205	0.03637779652676163	-0.006970765678695039	0.016687707602058167
G000155435	-0.0144092058968914	0.021606700012062736	-0.004451173367193285
G000155875	0.009825243149662396	0.004217038002945525	0.016538884447006106
G000156035	0.009159407910697272	0.005252841624894067	-0.03665184386874493
G000156055	0.032070024858391964	0.010830966490517614	0.0018669498740363916
G000156175	-0.032011571951500756	0.03633826645341288	-0.028670502451797333
G000156215	-0.0401626084617642	0.03799990568682203	-0.04010472194370397
G000156535	-0.05643652712033942	0.03741287825472451	0.0049556172510791235
G000156655	-0.041539395951996655	0.061051406637817884	0.05433661498125796
G000156675	-0.048955187916389926	0.02566540257550365	-0.02894292356273714
G000157915	0.031218417855659764	-0.0003589452567648805	-0.09187638049589739
G000157935	0.003998208997705572	-0.04260203923642963	-0.0479973239237959
G000157955	-0.020261441248232242	0.026672723350350397	0.002450296687245429
G000157975	-0.026299693053491096	0.02813237789070416	0.022665484767885293
G000157995	-0.016982467895160735	0.022457136541798702	-0.010077245955842895
G000158075	-0.017467176699346443	0.003061825018601724	0.041148912576260806
G000158195	0.1796982220224741	-0.09288548976711392	-0.07668228460765127
G000158215	0.06841383206699457	-0.049127233150127556	-0.00017639837794373138
G000158275	0.07951874969199256	-0.05215223168996922	0.003666141070735326
G000158295	0.02287600180274735	0.006982125282247851	0.01220856203836831
G000158315	0.09351015407764664	-0.08165344406989788	-0.017795084897662808
G000158655	-0.005880143090091545	0.04266110480647139	-0.00532453922484836
G000159055	-0.0455960197338137	0.03570977158590588	-0.03589292416446252
G000159075	-0.015877908549704865	0.02177072326603709	-0.08293993034580707
G000159155	-0.007318035116032919	-0.00028759684689173853	0.04367341008530948
G000159995	0.019628057364685234	0.008909438741687462	-0.01132306332041532
G000160095	-0.0011225649526574015	0.011366461444259556	-0.016160471921246394
G000160535	0.0582188201576855	-0.02078669662272119	0.03166602328709465
G000160655	-0.019068778080238935	0.11025651525385348	0.03548269891198703
G000162015	-0.05340177436021244	0.03656873298918893	-0.03459056650528902
G000163515	-0.005981961030267811	0.03437090353541459	0.014424439464909374
G000164865	-0.012383463380685219	-0.10850449602388348	0.03216311326644706
G000165735	-0.026074745834181543	0.0003554437245899866	0.06754463557682461
G000165905	-0.06551747501868911	0.02836572399170732	-0.0332076807633382
G000169035	-0.062470508750685015	0.030408716915678303	-0.030522970307756584
G000169235	-0.019004863527396314	0.01965995937465647	0.00337824565780933
G000169255	-0.01742211804598407	0.04213588937121892	-0.0012795699961277599
G000173795	-0.009672325392392949	-0.006712970789920647	0.006576291360202435
G000174195	-0.0017195922372558597	0.025773171259376945	-0.011430338884053499
G000174395	-0.024493975334935976	0.009831374400331145	0.017507857784009533
G000177015	-0.019009262501510766	0.02892777595448762	-0.041271081080286806
G000177075	0.035041923002882454	0.007569968915805833	-0.028940201210770535
G000177555	-0.008391397715732081	0.007047766259605046	0.043431735492729245
G000179055	0.01039767529404212	-0.00018543114524813804	0.06759523008076003
G000183345	-0.06940932347990589	-0.1118137359359591	-0.030185026031553736
G000185385	0.00390973552902388	0.027062516103292533	0.019851250219545903
G000185845	0.02119065774310478	0.0028909594803160398	0.009672404366346239
G000186425	-0.01572114607981656	-0.021247509442826915	0.04895824896363346
G000187895	0.00212451557826803	-0.0065566515404992965	-0.15149584526803314
G000188175	0.022755828296104424	-0.0026053270247544205	-0.01036313446232783
G000188195	0.07165617912198682	-0.0427935869754695	0.05004666888732339
G000189595	-0.03650936093911544	0.03675422714854947	-0.0020626091499194657
G000190535	0.04300319604453277	0.010212091300984268	-0.03649524038385429
G000190575	0.022161228396471246	-0.0037060604492247986	-0.04929393300245362
G000191065	0.02358967881562751	-0.0007855742589357015	0.023498465291232347
G000195315	-0.040615368004890504	0.03247306508800651	0.0219292878366494
G000195635	0.012046509916410176	0.007004876790216487	-0.06763486992263518
G000195995	-0.05595125193192351	-0.10912116932226383	0.014471941316670052
G000205165	0.019107314887873865	-0.01550530727299035	-0.0882583080569042
G000209385	0.0352184089471659	-0.006838373709224164	0.01719812322057746
G000210055	-0.06711780309673908	0.02659439581915066	-0.006921307331219791
G000210555	0.012917817120441844	-0.006187829375292662	0.01666665381450165
G000210575	-0.021176833181121662	0.02427251250316223	-0.06716795230732246
G000210615	-0.015473254503144511	0.018372164792996543	0.018470099785527914
G000210635	-0.01198986181861284	0.019971448146795946	0.033926433352883444
G000215745	-0.0031305798589355478	-0.12049526586067073	0.019250880106441062
G000218235	0.020635877332235222	-0.08450865363484321	0.05975308901909678
G000220255	0.02022287065529689	0.001723100596047444	0.040599303089194336
G000221545	0.01312170733820963	-0.03001128509062021	0.07325344376724668
G000225345	-0.01984482010806554	0.02682330995759115	0.003077275008866615
G000225705	-0.0431855038214829	0.04247907071818451	-0.015076959946269654
G000230275	-0.012433434148411245	0.01987617365160468	0.018350640036278856
G000233455	-0.007473692337534899	0.01771354126728964	-0.022568773198534293
G000233535	-0.009494382653384564	0.019421218240830682	0.013791341001624952
G000235885	0.027566372654748126	0.002553601589446577	-0.08162574175068973
G000236865	-0.05250703524684533	0.02331630079408729	-0.019095437340103553
G000238215	0.0254954913990185	0.0015403600607495618	0.021844975028319134
G000238795	0.03697943950634529	-0.031057241188966887	0.03900650140778827
G000239355	0.01597674576005232	-0.005205165229971447	0.02372414059083307
G000239695	-0.02265032279503034	0.04397413145482133	0.02339304522047088
G000239955	0.06327829286005479	-0.05627474825192886	0.02408186629905171
G000240185	-0.07337858310036664	-0.05763367668520965	-0.018800634717184177
G000242215	0.02882247287126071	0.0006894843225393441	0.0065302970883776715
G000242235	-0.01873426726417435	0.03398315597449416	0.036657149631761164
G000242335	-0.009041003958186656	-0.009935253658992824	0.0631949097734404
G000243215	0.053113975054208486	-0.002006819273479558	-0.022727938559981984
G000245775	0.13134650439007525	-0.037020343778898485	-0.01393050196769898
G000247895	-0.06577799064860984	-0.10240830749181319	0.025932706131612245
G000250875	0.021024718581312524	0.045713758490983226	0.026878349053828587
G000262225	0.025024833309050774	0.007704902908247827	0.011534202421345577
G000262545	0.03039497952847971	0.0029091693946601818	-0.02075083518131825
G000265365	0.03586540775317841	0.011007401618977354	-0.05499541990838187
G000269805	0.01354138139582748	-0.01938262980637618	0.022803610766616442
G000277715	-0.003570823703494142	0.02322068176069073	0.026594732577092137
G000283495	-0.029295157048129544	0.0009869697407077957	0.04823659549934877
G000285455	-0.03242462279099138	0.06283126949883282	0.021130640748016096
G000296465	-0.014094324103171635	0.00853806579374629	-0.07359206130967795
G000296505	-0.014692327668069521	-0.003199849116940044	0.03010688782845657
G000297775	0.0427316380391633	-0.02296306223235465	0.04389927623705966
G000299455	-0.07832778142257571	-0.12657074127761667	-0.04062134499387304
G000304215	-0.012412635446290846	0.0034943113959827903	0.02880801060442158
G000307375	0.026890075262363304	-0.00010794017644525358	-0.10127675831610111
G000311845	-0.04379794711894109	0.04113813470381588	0.011308305613764846
G000311925	0.026709993395668763	0.018967573948931934	-0.021680570431004575
G000312145	-0.038476827765498385	0.027798795638660716	-0.021312673396896117
G000315485	0.024283714093992787	0.011826481366258058	-0.07772783207759999
G000318135	0.00784727858979841	0.016782046381351966	0.03417849737734536
G000321165	-0.04838622448179788	0.03780827192712865	-0.011142513511143187
G000321205	0.012136248260626753	0.008508916809104412	0.032912401677932225
G000327285	-0.015140157534206562	0.03275568009973421	0.004883406257990891
G000337735	0.008105747594488916	0.052515592575068534	0.05179232667027964
G000337895	0.01332214712212573	0.05054026274731362	0.050898263539409794
G000347695	-0.030927930665347766	0.009951627732190571	0.006335320183357193
G000349975	0.05501971039429947	0.005173062700293408	-0.0029535633550369974
G000371705	-0.01696729423463425	0.020720383789605754	-0.021285009249647453
G000372405	0.024027888816649356	0.005258482802302368	-0.030466912386472676
G000373885	-0.08355905104460383	0.0236259522874783	-0.028666746158564328
G000374405	0.024378226422686704	0.006056752651569084	-0.029584377648602233
G000374585	0.02813327352697974	-0.006774040241736664	-0.053092508719223656
G000376885	-0.008152149527897622	0.00560912675619269	0.025675512648577672
G000378745	0.02287732829022614	0.0032472686561654173	-0.013587685760973451
G000379965	0.015860155985253532	0.017209019650825375	0.06642784724936847
G000381365	0.06120604659457546	0.022724313471009745	-0.10587088771597207
G000381725	0.020035758349611358	0.00506557102582591	0.011749196094430508
G000398925	-0.015163735569201371	0.014435598560917851	-0.07322633429933914
G000403275	0.023966140368436042	0.007269849015139192	0.04112856413039188
G000403295	0.02047499568192269	0.006048877526918585	-0.0008570944554039421
G000403455	0.015643849780257103	0.0026850611869786616	0.028960084777740213
G000411515	0.046716434250901974	-0.022289111548918404	0.024482443632058558
G000423385	0.024378218936199895	-0.09848031618312432	0.020644442677477958
G000425005	0.020477193414265255	0.0006302301942199333	0.011657478820087558
G000426565	-0.0777008991674975	-0.044251206782812275	0.02015961099962405
G000426585	0.023974821744227798	0.008618217976169379	-0.009977126915430288
G000427365	0.034446512260433784	0.004142660154251394	-0.035161295111797185
G000428205	0.0032319641978967007	0.0026606390934699126	0.0421587498900166
G000428565	0.03263021177373814	0.000623982088252133	-0.08773088973547084
G000430525	0.023938847044158332	0.004429555521252195	-0.030415960946285247
G000431015	0.04926478340658136	-0.05585175900649808	0.04213897774464
G000431175	-0.018358306183441808	0.00036045966301282193	0.014153910099646557
G000431495	-0.025550861603160783	0.022253918559120296	0.0474003326912405
G000431915	0.05427661850873064	-0.030810038932935147	0.054881854337134175
G000431935	0.06361342131738358	0.006948875222234064	0.005743520175323184
G000431995	0.00714954770404323	0.004930288833814396	0.032336576082337934
G000432055	-0.017535801338149838	-0.04771187180593758	0.012710861923330558
G000432435	-0.029689294313940132	-0.04522584266537104	0.014917724617082111
G000432615	0.02585556923988026	-0.004341320244067948	0.04131218963102163
G000433375	0.06808707512263723	0.02088305649999698	-0.09627352425041813
G000433575	0.04515696012995495	0.006525006589970696	-0.02490228558738806
G000433955	0.01361348899178813	-0.019846877443113062	-0.106766865800251
G000434095	0.03785107623623887	0.008298041936094224	-0.020244975717910448
G000434135	0.05371045796110325	0.02389445481730746	0.029400479932812182
G000434475	-0.0008708622496480332	-0.08166081735046564	0.014683426507900272
G000434515	-0.00019994569259533805	0.0008832956397679118	0.04323984421078325
G000434535	-0.042634735384007694	0.0336297663452627	0.007468639401050073
G000434735	0.049086740155971795	-0.001603187511173187	-0.0035525778577262827
G000434855	-0.03036490473765096	-0.03299907525061605	-0.03040821816913804
G000434975	-0.0041379862977553505	0.016621425408213136	0.0203025121219618
G000435075	0.041618134194301645	0.014709297610823163	0.021226857491752647
G000435555	-0.0006320855918621831	-0.08354697306278203	0.017993824308284005
G000435635	0.01862388783711892	-0.0031741376386589266	0.011080987515072235
G000435735	-0.016589290903124033	-0.01235844383390686	0.0009024687336318846
G000436035	-0.017322452721812515	-0.038785954126575956	0.0005713710920510588
G000436055	-0.006597268866119532	-0.003094552144381305	-0.03118837603718827
G000436135	0.04537037110280772	0.0084832380060299	-0.13466942991035313
G000436195	-0.008906545184694064	0.05603393725672932	0.030992472210366086
G000436295	0.023230523195934168	-0.018618724656071454	0.026038640650748863
G000436395	0.08257251251716032	-0.03075346796646041	0.013170831082640128
G000436435	-0.014264554036908846	0.016655431917543203	-0.0967420940045687
G000436695	0.013277987706828332	-0.014307386634234212	0.021511973007071587
G000436795	0.06202685972760726	0.009664433609818413	-0.043122920633219146
G000436855	0.03281463622126104	0.005864544914247241	-0.08790878563217543
G000436895	0.013854444676841934	-0.0220107195214816	-0.11446448052055065
G000436915	-0.009757008776979464	-0.01604816904415523	0.030242752898774646
G000437535	0.00639354390161393	0.0028178898874306278	0.02706991670306068
G000437675	0.07560369700225761	0.02225062597168986	0.030929250727311314
G000437715	0.014991362463060761	-0.03769145334341069	0.016658225796535572
G000437995	0.05698912896256398	0.02873178058056128	-0.044679086581121664
G000438035	0.052712721895625425	-0.005380373529544843	-0.14783497999304462
G000438395	0.0970700434096201	-0.029577478799694582	-0.13139638587981975
G000450985	-0.015405187414154618	0.019386387372678622	-0.05899897815025919
G000455225	0.0015080785070497949	-0.022758622936576295	0.07355871095482777
G000455445	0.02260025185474109	0.0007314127948839811	-0.017680497467937362
G000463355	-0.016846374702496395	-0.04620539626558735	0.007634497563440325
G000466245	0.03327235918273574	-0.020013895202630413	0.031806214903312806
G000466465	-0.025068525954282547	0.018397604689893102	0.015321865339213998
G000466565	0.023489538132896816	-0.0029731455397656033	0.009941850217821265
G000468755	-0.010903908369084888	0.006268257907387581	0.03143831067429524
G000468855	-0.009852434427533549	0.005395135833652945	0.03440281061959728
G000469445	-0.0181681302893548	0.050572696778669816	-0.012013658087681975
G000478965	0.007862304887859816	0.06842345299952382	0.05187020723402444
G000479045	0.039266785791976636	-0.01237238314068204	-0.004200630907082099
G000499785	0.027120875928422588	0.004751775466592071	-0.03326281670249001
G000511775	0.039344548922442824	0.012387490745838012	-0.022198397537387487
G000512915	0.004585609737183394	0.0012289776868298359	-0.04720670793766059
G000517545	0.044940198565165665	0.008338527109693218	-0.021646189630939734
G000519105	0.045214625546739516	-0.003919119643230415	-0.05253672232599008
G000524335	-0.014276419448746469	0.002766944165967438	0.021793045459339966
G000526735	0.05379640715624884	-0.018918872268600697	-0.10542182291096427
G000565075	-0.047197008411148635	0.022272039547806037	0.02179280178226361
G000585355	-0.0041896793005560306	0.00324442689600654	0.06001015062634082
G000598465	0.027944354422578522	0.01951333113104508	-0.03030577596054187
G000598965	0.026239636901354304	0.020504829290538054	-0.034930074451695124
G000599385	0.03175027323540586	0.0037655999967420193	-0.0846961592678884
G000613345	0.022190275373283164	0.004536704532859722	-0.019816103537139983
G000613525	-0.09545382484338089	-0.04255218787691768	0.028162307777339916
G000613785	0.02136786923686594	0.02843637602568565	0.06952361642240383
G000613805	0.048167822358851274	-0.004933911674975495	-0.006051708451778247
G000613925	0.03676839801561553	-0.036468376456193725	0.06264042378985739
G000613985	0.0294406496806584	-0.014146307080433	0.06763001664668483
G000614145	0.03476490804151254	0.009787541465421835	-0.06368066695348508
G000621445	0.02159436515141549	0.0033945449338066733	0.011137060122840275
G000622245	0.03620269341182428	0.004290807668680033	0.006245121003477978
G000648175	0.053455141400612145	0.09754163236931997	0.03979254914191795
G000648515	-0.06367774381777974	-0.11698396980504026	0.004911204898384724
G000686565	0.06251834221991591	0.008693741800180997	-0.07313825345313159
G000688375	-0.015798978985570363	0.04337098414491125	0.015505228867480333
G000691645	0.021936844233777363	0.007726995160270791	0.012720188722057043
G000691665	0.022323795115414616	0.011156186641056104	0.015239814363582195
G000691685	0.023298666388191367	0.016269516265963548	0.01726029738197553
G000691725	0.0236347938391198	0.015213312468955485	0.017282444004942298
G000691745	0.022143409424286928	0.012392963387040441	0.014844807153562395
G000694955	0.03480555484383664	-0.12600531637299223	-0.04394588746673078
G000701665	-0.013820542878237635	0.02341427660702891	0.027715034659735537
G000701705	0.039102235404510494	0.03923938674540869	0.01286993106925979
G000702025	-0.04742891871047027	0.025911859655316286	0.024483349820107286
G000723745	0.03474536094387577	-0.07526016970298549	0.026986702534318004
G000735365	-0.04223783060465618	-0.050844204155332834	0.02435580019997994
G000735455	-0.016967887471186795	-0.11018086802951871	0.037881582995517415
G000735515	-0.039305693942882566	-0.1094159665193204	0.021651045181459258
G000737865	-0.005590355416085714	-0.001106967559246582	0.02756308081778645
G000738005	0.00751420163048768	-0.0061402166182488675	0.04322359580636543
G000741135	-0.06422967487800277	0.02745014371233708	0.01518666643485565
G000741165	-0.07559853854882427	0.029953508873914146	-0.04082498380309126
G000741175	-0.0982592146732008	-0.0006288807531971668	-0.09064389880956435
G000741205	-0.008427961525146433	0.006008558107101782	0.029253112177302847
G000741215	-0.061381865509603055	0.030740303703711662	-0.017952014169263238
G000741255	-0.053202308162822586	0.02785832016971052	0.03747982175242509
G000741285	-0.007987844518202721	0.003062527857820997	0.022111167576483196
G000741525	-0.004622982673855739	-0.0005128666430814248	0.0298867405537578
G000741575	-0.02290992577734113	0.013521285099315924	0.0008060569834756869
G000741645	0.0009788419989675804	0.015217470043215182	0.026828398246206017
G000741695	-0.10856230977790284	0.02704841268675903	-0.1301872381922455
G000741705	0.004778861490681897	0.004717862871591852	0.036467860324422195
G000741715	-0.1025571583557888	0.027939329273721596	-0.03841582400975925
G000741765	-0.012423362050985997	0.008428550266333268	0.026540873547864153
G000741775	-0.006412633631242518	0.01705949551096178	0.020173947948687185
G000741785	-0.1050269953725356	0.027268302492614506	-0.07197264167620061
G000752675	-0.02315771707570443	0.017795313001006556	0.007612018599936668
G000757785	-0.05214511677709091	-0.07491082471192137	0.027374502092126822
G000758925	0.024750202622909025	0.005595377077317684	-0.030056138902952376
G000762865	0.008790003471455482	0.007258699228233239	-0.0071622025652732305
G000763135	-0.005129698752968824	0.055482579160544734	-0.059813485901815795
G000763765	0.032450337534887276	0.012026042037794197	0.04150840671384843
G000765235	-0.022023473117399422	0.030695376904540782	-0.008258765664839901
G000767175	0.0118221621587744	-0.018729728563369283	-0.01062288455265038
G000768955	0.03231299151347701	-0.0018011420296749096	-3.942174141909881e-05
G000775615	0.08919248888696761	-0.022357986511602174	0.03533815759481841
G000777575	-0.04981716448709632	-0.11715189521439569	-0.0204974244727571
G000777875	-0.051665412021020034	-0.10409301354182673	-0.006370651406535865
G000778805	-0.04363487784778063	-0.11492990661494068	-0.00553721560332615
G000779535	-0.05369532370549255	-0.10745247405536193	-0.019783091529785708
G000781475	-0.04687110116391363	-0.09760368864381629	-0.021241916817454617
G000784965	-0.043181016254838396	-0.11425570471128992	0.019726390235374883
G000785515	0.042438866627391235	-0.004141203562499539	0.028844458038479126
G000800475	-0.015048501357572484	0.008813852818267845	0.011620125112473149
G000803105	0.027219463746439212	0.0019703388267859503	-0.028075740248150016
G000813025	-0.026577754005715142	-0.06665738151524844	0.018214623734635952
G000814825	-0.04329265952252692	0.033953469435377324	0.0035379458677850346
G000818035	0.014194703165904921	-0.021101894419733844	0.02200274838096669
G000821265	-0.04523461859997766	0.042074597168986295	-0.0020768153565418604
G000832075	0.018101245258575514	-0.008978694970010036	0.0007834812300502241
G000834015	0.019520626909987803	0.0018664260011447514	0.03370885645918228
G000944155	-0.11097701073088174	-0.003355725562971458	-0.06072997542207711
G000944855	-0.07630744158038326	-0.12783982152407486	-0.03556621316323923
G000969835	0.04540673842240101	0.003999705475501863	-0.015038686388518538
G000980235	-0.004372261856758611	0.019912407263295705	-0.0005468976974840271
G000980375	0.03458507898319485	-0.009224351764454367	0.014922249771065675
G000980495	0.03902840201730899	-9.379705290315311e-05	0.024401437265957143
G000980515	0.08209735269753317	-0.030626144926418093	0.013352903454145764
G000980655	-0.015748516672508685	0.057715276651638246	0.033365390497080094
G000982825	-0.027270162290961106	-0.14814496771102684	0.026679078395147073
G001022135	-0.019266038359890384	-0.14468317927284344	0.02425719599424712
G001022195	-0.03738225161347001	-0.11163162728145287	0.008858374638216409
G001025155	-0.08758718294271402	0.03172956923410597	-0.015818528489061515
G001025175	-0.09579971827701643	0.03267643512122243	-0.032874705519514665
G001042595	-0.056741536593723156	0.02665755527126875	0.0022073703325395837
G001042635	-0.08287669623009179	0.03458657354110173	-0.03484793893038264
G001042695	-0.009787627578234289	-0.0022375579467066994	0.050917062087361055
G001045675	-0.004155038921921436	-0.018651259085509176	0.07482244520149235
G001049915	-0.03775996221142618	0.021736455038731478	0.05466299672749878
G001066585	-0.03620587725522906	-0.02363049468854821	-0.01312955892531487
G001244495	-0.02044246221847116	0.05815129064231175	-0.01981013274471993
G001244995	-0.012585850345034235	0.0548118709790926	0.021145340296106138
G001262015	0.030492887660742308	0.01689876723307838	0.06631573413434712
G001263395	-0.022260111969254096	0.005885391959015016	0.0290299233609794
G001267865	-0.0680433984036503	0.008511557626660338	0.02685663792673829
G001275135	0.0546693997399493	-0.002775341727019803	-0.06229151467781522
G001280875	-0.043818294694046016	0.028506978373523402	0.04111952123085493
G001283625	-0.057180152698480896	-0.10608525580607359	-0.03903585626127161
G001304875	-0.02395264930925395	0.026193513882057613	0.026775351704845424
G001305115	-0.04833612305786561	0.03992137365522988	0.014060080807135743
G001305135	-0.0011197067658590334	0.0038343338831950983	-0.006496273363990144
G001308145	0.05579926953605489	0.017986575986944087	0.005599924874119005
G001312505	0.017733376700040836	-0.0004410298378534962	0.00247532749023913
G001314975	0.049617457729295156	0.028153182087904356	-0.06683844902293735
G001314995	-0.0175103214385225	0.016244837610404704	-0.09290892416719693
G001318345	0.033681928955277426	0.004747393197085993	-0.05197141341055087
G001398415	-0.023771839196598244	-0.05271239230237044	0.019030800803213475
G001403595	0.04873318054364972	0.007815300298649713	-0.012833148944141337
G001404335	-0.0011672241638224293	0.0174818094355542	0.016588076288677995
G001404455	0.016229182270902205	0.007590760160792733	0.0077388874205658875
G001404695	-0.07676915677735317	0.040414518282073805	-0.027149688365301988
G001405375	-0.01963361020000628	0.034756012955664266	-0.015038290964211188
G001405615	0.01043557646346778	0.01199848829076202	0.003507038531956499
G001406335	-0.007740850755314846	0.020233611197097375	0.01042016037410354
G001417815	-0.10862412575469776	0.028317561969879185	-0.11567905024299208
G001436895	0.024922345151916117	-0.024287370541286196	0.016933077044672156
G001444445	0.012569186930865985	0.0033578885478110724	0.04805708797898708
G001454945	-0.013070367046034337	0.05837126789632488	-0.003211503864312682
G001457795	-0.008429883965384926	0.00520885422661754	0.026544925386765002
G001481375	-0.01812464285948629	0.030709718976271328	-0.005429866440989016
G001486665	-0.016429512409819637	0.045322148070057085	0.0025781564947537318
G001487125	0.011274745247931149	0.005927069675114906	0.01812931021077283
G001494635	-0.02138182890284864	0.018414922247594508	0.018982988965521336
G001512635	-0.018826152202476538	0.010572093125071482	0.043717278540325165
G001543405	0.00471633727264859	-0.0009184772883802678	0.05704280780946199
G001552785	-0.04900364031329845	0.022290010468543363	0.022398932664421146
G001553935	-0.01876449519730596	0.038959206603485654	0.047333835468126174
G001558935	-0.059419896204136416	-0.10511014474809127	0.018087602590311933
G001571285	-0.06953348902197255	-0.10352202588686718	0.01432602861950202
G001584645	-0.009307597530547083	-0.05524569519297842	0.035414442116385614
G001586165	-0.05950330761426963	-0.08262265171204937	0.03436047347963201
G001683355	-0.0011488368522727921	-0.0034529863159279096	0.06902768839066543
G001688625	-0.009682040265083874	0.061255276718721156	-0.12940516567431495
G001688965	0.011647431105855451	0.013072536224429322	0.03701414983510404
G001689425	0.024274107969064488	0.003561732961376459	0.029551161651801713
G001689655	-0.007992421441562132	0.002349724357988966	-0.003288154808126705
G001701255	0.02343383577549854	-0.009185577930923325	-0.008239061456582217
G001701295	0.050814261549432	-0.010830856766289544	0.03809948348677892
G001719865	-0.038910101135344814	-0.03197369414752096	0.027587460178019756
G001854465	0.06734701849406086	-0.04656566105127097	0.010344672326168822
G001855385	0.008720019726689506	-0.026850791991700797	0.020064789584190893
G001884305	0.05813376479172034	-0.06242581790081184	0.02468794919741689
G001899425	-0.00651241698144275	0.044334453184658576	0.022305055149157513
G001908775	0.006041198992015056	0.05941190995559807	0.04618734452271089
G001915415	-0.0027349125599036195	0.010315737934086995	-0.02112114006060452
G001915435	0.04290206163953189	0.01512051117334205	-0.04277255423835824
G001915455	0.0113440778931683	0.003970028177955508	-0.08615947896632793
G001915495	0.03765932057350227	0.0038209712854027625	-0.07012675089364279
G001915575	-0.012038057456113884	0.001742230875471988	-0.024003024461110245
G001915615	-0.0997864241051643	-0.017511707785379457	-0.021430641159327694
G001915655	0.02077790073681427	-0.014148462071527762	-0.029299998882625727
G001916495	0.020313682496893744	-0.07513542459641967	0.025977891056965498
G001916615	-0.017260123146050032	0.011951403897960188	0.042139782418598844
G001916865	0.01471350077934327	-0.009522399606623063	0.018595610503203335
G001917125	-0.008469288412410183	0.056607375972177534	0.029871204570838677
G001917135	0.05046662586488386	0.02675778145898641	0.02781487179741986
G001940855	0.04853033788895468	0.02675876954455698	0.01519598813587926
G001940945	0.05499594714848626	0.012936561011973418	0.004420091129306011
G001941055	0.030734424887033488	0.02327833909675588	0.014960954910213375
G001941065	-0.04098442904814029	0.022760493890839242	0.013214897574084927
G001941125	0.07030781801565628	0.03013107081178535	0.040217808322035656
G001941225	0.08719550418094305	0.034231255733190365	0.05021126953199623
G002032965	-0.058834890283727063	-0.05160471911159847	0.020189573390378687
G002159555	-0.029425778262442373	-0.009913785509099046	-0.003295906088202614
G002159625	-0.08133409225140484	0.03558851821143684	-0.026307474463076106
G002159645	0.01798768188457865	-0.0076126199679631594	-0.014061957159323285
G002159835	-0.0319963244267607	0.03744362232387256	0.016106153344474086
G002160015	-0.014571859549100442	0.02433296917953901	0.024131482417404038
G002160025	-0.0321712899807213	0.045810982433983044	0.006504573709812637
G002160065	-0.051084743713679374	0.038087938792906326	0.0019361833819124972
G002160525	0.02111180837959682	-0.002813804373016575	0.023440553082060347
G002160755	-0.03132661845839223	0.026102697449660695	0.008838569933260683
G002160895	-0.04976536199678686	0.023649517470893666	-0.02282121902745491
G002160955	-0.025782959157045	0.034800484299212106	0.016817015842902263
G002161065	-0.04660202935996407	0.02170279776008431	0.02340249566673718
G002161285	-0.021381377448801937	0.011839726821977693	0.01771923196297159
G002251205	0.0036073909527409667	0.007989378330411148	-0.00870264380178805
G002251365	0.008083025700217484	0.008233089856418092	-0.009495533875758879
G002251435	0.040320697629940526	-0.0074869939374652686	-0.005849123353849166
G002259605	-0.013482768716402992	0.015468663366553186	0.01734573575860922
G002259685	-0.057280767064817	0.02922277693871702	-0.029991705473509957
G003014445	-0.023670079217198044	0.029209720088343247	0.015057624880520044
G003072045	-0.055264723656338	0.005619518410248001	0.021771522113336356
G003148945	-0.008878148471527623	0.018010576153012325	0.004674217361332955
G003150645	0.0158088665384827	-0.03243148668218889	0.02649634309454542
G003265305	0.022805330713111627	-0.0008335169094255862	0.03126945400858684
G003315635	0.0028538509013270926	-0.004840550985265899	0.025907660915969136
G003324125	-0.054809517846021	0.03719504042449634	-0.012705598252626349
G003340315	-0.01598608939234332	0.011846930020392332	0.027724016862467046
G003343915	0.024996749531914386	-0.00010405241503227248	0.03146904736911859
G003432035	0.006274339867635471	-0.0029454657768364072	0.01447006911639516
G003434045	-0.02310734747442021	0.02869883072174914	0.036682419012859305
G003435055	0.00997698288338149	-0.0024675417759355044	0.03667354602838041
G003435925	-0.012765772648041584	0.032113767045687254	0.034959824086199645
G003438995	0.03977491543608099	-0.003819547509568201	-0.017823173525615615
G003457795	0.04160336977565252	-0.0037487280047347037	0.017332317276665996
G003458885	0.010309521255677762	0.014763982817432556	0.018860475055061658
G003461285	-0.00498213965188919	0.012032823027510846	0.01882667496149194
G003467125	0.028041174804558453	-0.010066551952761993	0.07267773334410096
G003467845	-0.010463580839979428	0.017720673268387235	-0.010528631088272232
G003477885	-0.010379928969680924	0.012365423894241268	0.029033105518001933
G003478165	-0.01844472065342885	0.008700869754485864	-0.014243964694703553
G003478285	0.00011144829536974805	0.01133102117430597	-0.006153380324388278
G003478355	-0.0061977700383726315	0.021140471660430978	-0.04340866596611446
G003479825	0.027808283310306128	0.006776595036908039	-0.08399153820739146
G003479885	0.006544556787204316	-0.00033687547023580243	0.02040059407897697
G003481355	0.0188816821922151	0.006343558152464514	0.022571747988068935
G003481825	0.021581762699972317	0.00047352426267366197	0.009289560113960964
G003481995	-0.014036842723477766	0.019507189580832873	0.010711871601921491
G003490145	-0.0013207291891099726	0.00646326647417744	0.001627647560811858
G003611805	-0.044863348109061015	0.034481871363366855	0.027882068095738136
G003762615	0.008709648650485022	-0.006695878491067762	0.0064705063536700195
G003762715	0.021476724704636036	0.011646621046856785	0.012051925805519571
G003762745	0.022988990965197527	0.0034891107836752394	-0.01649685630854895
G003762875	0.013638597530488692	-0.008934888442897767	0.010875578689526886
G004102775	0.0384990462908281	0.004393492576597329	-0.01047515985740845
G004102785	0.027781877202322832	0.002868454944391925	-0.04159568634380205
G004102805	0.019534046430622294	0.006787263732591368	-0.012119534448247229
G004115465	0.0004741876620135299	0.0076156925944057515	-0.023720605783507518
G004127505	-0.021175244606137334	-0.07856611703627642	0.029012260323872694
G004341685	-0.0020491156160886777	-0.05380395866067301	0.03687261789625094
G004552135	0.01741081103471414	-0.0037981324571351566	0.016376694969224292
G004552795	0.021228692901280797	0.005580083757924487	0.009107814247618112
G004553245	0.027974513556755284	-0.0033269302555429016	-0.006880321524936807
G004553345	0.016027096854730815	-0.012104557110008941	0.03415275629781143
G004553635	-0.056977759714447275	-0.06624168114823673	-0.02842045114190075
G004555055	0.015718937295881176	-0.01238126097479184	0.0028152474645152577
G004555765	0.010722879013456721	-0.02751425910356938	0.034333138206325386
G004556045	-0.021422674015843666	0.06181262628929289	0.03441402523761645
G004556245	0.049645882633186034	-0.0018352977364060256	0.03691804942583254
G004556445	0.02319926763780489	0.09212490165450284	0.02514529702484135
G004556705	0.01251668886196819	0.01798804456043345	0.00454423558230611
G004557065	0.012687470094392136	-0.04361446938232763	0.04828584026604965
G004557245	0.015222848069177307	0.023740537024343755	0.03916037274244566
G004557415	0.017665258660729242	0.004871553139478906	-0.024264622570030453
G004557545	0.056969140509591454	-0.05372188379637717	0.04179152981381087
G004557565	-0.012552886358868276	0.022507167649201985	0.03498738338600729
G004557655	-0.05958963950709889	0.007349598676641281	0.0165002818614221
G004558425	0.01770685954474858	0.04143350372406395	-0.011017822221828963
G004558535	0.010074468038985509	0.015525417816706688	0.01920559000922657
G004561075	0.022262581269681274	0.003944508085431305	0.02266135982959401
G004561445	-0.01700150669398878	0.015475450541344958	0.010629955235102873
G004561455	-0.00958723634892315	0.003794452311788351	0.012705359616329308
G004562255	-0.008292371391659968	0.0257941043295939	0.03484744061517538
G004562975	-0.0008621133271116708	0.01907012213968154	-0.002377603127871691
G004563195	0.016465986844746674	0.005292353579889618	0.005750022666293063
G004563615	0.0324686933274525	0.02583475752645691	-0.008355692003462593
G004792655	0.024262626904435078	0.003768306516477665	-0.03794507705421629
G004792675	0.043900086541709904	-0.00820693568396519	0.043731998096918884
G004793665	-0.014217381706491219	0.012086104235972176	0.007782981530234926
G004803695	-0.00416917717694675	0.010534891529580447	-0.022949550329619105
G004803915	0.05689422481725005	-0.01138152874380605	-0.0005929976335946602
G005048345	-0.010131885933318095	0.030186238368343034	0.01594580595061907
G007293315	-0.04205880573705938	0.022520766952458228	0.03287551601496024
G007559425	0.01220462241502594	0.027710046828893217	-0.03593068465846494
G007581405	-0.0026698754455897777	-0.04564447494207485	0.03338347012269978
G007896885	0.02683518944580641	0.0034106610385549554	0.006906074580348437
G007998125	-0.06529077091061627	-0.12473911250382681	-0.03804927550517916
G008040105	-0.00849005386185415	0.015551278598413992	0.03095893633565481
G008273775	-0.06279749134547592	-0.1113380631268384	-0.04427092666073252
G008667375	-0.005687277813473456	-0.00150857868218658	-0.025403113262374728
G008679325	0.04759346882033401	-0.011469258571713433	-0.018974492451651895
G008698165	-0.07833958862230507	0.022026848242978604	-0.08218806608982586
G009695875	-0.009205096995155142	0.016090837094008287	0.026938709709516076
G009696045	0.005917104382929284	0.0031665033415570892	-0.015576727876546844
G009696485	-0.014034207963058057	0.024199546668771495	0.029176837284142148
G009696565	0.034348915412705655	0.004229324475653406	-0.00428007019641241
G009774765	0.03592026445196768	0.04000613878114044	0.053266308812398765
G009774865	0.024669534973509356	0.002713900243589296	-0.047832202042499494
G009831105	-0.01645727927711444	-0.002799395424088651	0.003943141528559973
G009929575	0.024204823416573196	0.0058680728090188036	-0.02743598730225126
G009930375	0.04535113641574995	-0.03511472333864824	0.0485092682419019
G009937725	0.006324856882655081	-0.12028975715006433	0.02999752089737592
G010367435	0.020771703640317062	0.0031429990345132404	0.010053662532472245
G010500965	0.04026390406236507	-0.005774726967642744	0.018667496835220596
G010537155	-0.007229068354551206	0.010856541180796318	-0.0024285032075857613
G010592515	-0.014951984768697742	-0.16777522252726926	-0.01322335156076466
G010667615	-0.026875702737180145	0.013280877289442161	0.004401765969315614
G011959405	0.030659886631622335	0.004868498721173394	-0.01611791800488088
G011959465	0.03154831501684835	0.02135375791578772	0.03325038809349792
G011959565	0.03593252228381173	0.017437767256929675	0.045617183799959105
G011960185	0.03135325731070671	0.001841082579445425	-0.029427228624496874
G012102505	-0.03116646054695923	-0.01694202625386138	0.028630283992051316
G012161415	-0.05479963085359106	-0.12043487115302863	-0.008251366175735683
G012357415	-0.07201768611964478	-0.10381958772138569	-0.026663786999541278
G012932365	-0.10275552617552829	0.03814404787404799	-0.04670661402828204
G900021155	0.02325631017733218	0.00707230265964435	-0.027423699965420184
G900046475	-0.04578867293742332	0.03504757520547634	-0.018991413842487856
G900066095	-0.021336960910017803	0.019108745081117238	0.017277427652768938
G900066135	0.015000486415359792	0.01222497019050867	-0.006324005659990501
G900066255	-0.022124539506621004	0.006667388534358949	0.030108518346004823
G900066445	0.06087043759770582	-0.015269729499268693	-0.04979105005930642
G900066505	-0.002326625585503831	0.0054774315192115865	-0.002830173354548456
G900066525	-0.017267984309620135	0.0363494185552242	-0.024337346341604196
G900066545	0.03663183347948624	-0.00447439341423868	0.00609724424650528
G900066655	0.04498280547768326	-0.0045660595805821725	-0.07793113778415309
G900066885	-0.05454197304131223	0.04073667812813637	0.03128047089340009
G900079775	0.02973670524839443	-0.00044739142299236835	-0.0635974601428959
G900086585	-0.022051479211324367	0.024680474900056065	-0.043458757780956106
G900091655	0.042180344317879724	0.006875573693460571	-0.04820420771044291
G900091675	0.022886923275141045	0.011802649008312724	0.025173612255251637
G900094885	-0.043576235607728116	0.015946262592233373	0.04149275968128538
G900095865	-0.017227892366386596	0.036378662018605325	0.046361854197928015
G900101655	-0.04926301705260336	0.04147794715579712	0.020449114412379798
G900103315	0.00914826168145447	-0.014600045822966755	0.04036994567961854
G900103425	-0.009321311373855263	0.029225958293144748	0.012254190628666065
G900103535	-0.018677219496904356	0.08357083970378258	0.06401916708828244
G900104585	0.03324463996587623	0.0056888526809098	0.024924351647011653
G900104605	0.07868849227129411	-0.005186383497664819	0.012180053707385617
G900104615	-0.08033505479472307	0.05709991852369618	-0.028031385551663266
G900104675	-0.02191940165642447	0.03546344443522223	-0.006958404537355671
G900106785	0.011443973073506834	-0.009821058629430425	-0.06045668553931627
G900106855	-0.030580342299089156	0.019516250725291014	0.029951775291661556
G900108345	0.024472171955045526	-0.0037624719920134474	-0.08212636764084053
G900113155	-0.017915140695230092	0.02764671430609456	0.021860367384853547
G900116045	-0.07283726324059953	0.04839100843895751	-0.018404275447536925
G900119895	-0.035626846635903445	0.034284534425633416	-0.02501292759553446
G900120005	-0.029316009266586212	0.029190271941698882	0.027478156567491807
G900128475	0.03918134296145424	-0.0013314891903236838	-0.08437841261573138
G900128485	-0.029509387578273243	-0.02926457363235047	-0.03510233175544104
G900128905	0.04840649301550739	-0.009971345716335933	0.019642775086108434
G900142165	0.03267708251915056	-0.01574359857836277	0.02262369914305354
G900142265	-0.04826373447401003	0.026719129363101626	-0.015298913487628307
G900142485	0.02696136780735216	0.006686798224714104	0.02145121443399258
G900143685	-0.060040173543098	0.025149820328141417	-0.029116890865388916
G900148495	0.01652322632048356	0.01197113218571103	0.007478463399373768
G900155635	-0.01401931618494282	0.008170324971864026	0.016888897524721003
G900167275	0.03312055166526388	-0.0016326007797678437	0.00497083339589371
G900169495	-0.021780499495478525	0.020183876562432226	0.028075675643115906
G900169975	-0.014501894251858851	0.06266447149876365	-0.02893522410617576
G900176655	-0.061137903619937525	0.041680780486752306	-0.017439020749856118
G900199495	-0.012196944052152471	0.048052531278901495	-0.028611635909520157
G900227605	-0.04376734134419575	-0.07520078474877417	0.0006708389645529039
G900240225	0.031082749296444136	0.002344948023021843	-0.02712711724713807
G900291465	0.033559818436363964	-0.0034088298490623906	-0.04079823832541496
G900292045	0.06534441891049445	0.021095504710868986	0.04545946789399686
G900312975	-0.025721846752588907	0.01804176989349617	0.022184486787425035
G900316315	0.00417290115545184	-0.004461096638460001	0.06531237183168763
G900445225	0.07304425579888617	0.009037655397808939	0.02669981338634652
G900538745	0.017806058208523084	-0.0063978224344337685	-0.00037712083516032376
G900538765	-0.02046828516209711	0.0355496234602826	0.04047091981489428
G900539795	-0.01956456434362396	0.01144664265455092	-0.015880203565140583
G900539925	-0.012188401068032009	0.019237872256370716	0.052575283108342294
G900540205	0.019388696107065763	-0.00037886892208525004	0.017832462395229846
G900540535	0.061875159008931396	-0.0016709004835566673	0.01477039888099173
G900541935	0.05761235814480352	-0.013106465303274145	-0.02598269596295959
G900542815	0.029457087162458578	0.0011795980550802674	0.04193527802435349
G900543375	0.01325130750604994	0.023179936957803897	-0.008786853670597089
G900544565	0.021469038863471426	0.03680274413305782	0.05541919992038986
G900544945	-0.02499289371967667	0.010768274914203211	0.024131215124450617
G900545025	0.04275764814969212	-0.03259522178329183	0.0013249369329471283
G900545585	-0.0064039297678021075	0.05651481182702248	0.04291885946699754
G900548875	0.02043546143577441	-0.007078891364314205	-0.03447305805426235
G900551515	-0.003665678583573506	0.0016591640564166093	-0.01768289993641684
G900552255	-0.00958907302719093	-0.0033905212930147605	0.03647462851434491
G900552655	-0.005946787092884757	0.013563726096624937	0.022203730503211665
G900552765	0.06914529556609936	-0.031151148445841704	0.03977610813166505
G900553625	0.07504658777865969	-0.006445933025385453	0.028566618585803918
G900604335	-0.016930691492443393	0.019900208305752932	0.008007402940758664
G900604355	0.10809026534942182	0.01577446443633281	-0.04654966915522577
G900606105	-0.064038385071521	0.031004029798414906	-0.02850544008078102
G900683765	0.02317892911021323	-0.016135415737917033	0.009427045946414034
G901212675	-0.09280656177028752	0.03740682493184058	-0.019731059584878075
G902160675	-0.02408470315096081	-0.14023319232684392	0.012802620809914015
G902167945	0.0020782979345604973	0.01188652339999161	0.01187651946080702
G902167965	0.010301681164174934	0.0067838787759282124	-0.013873431877825458
G902363025	-0.008402513417336345	0.02756535408163197	-0.04109167122556538
G902363055	-0.048357036119266006	0.03240215480857971	0.023258508287579607
G902363075	-0.01860553941796994	0.02878491617436772	-0.015465222395425738
G902363425	0.038506773578474006	0.0020056729002108416	-0.013386350745188572
G902363555	-0.011171710181684136	0.01868293926915206	0.003059209604804131
G902363565	-0.019549793323668515	0.024943949280465002	-0.011439167967100622
G902363595	0.016560843533874527	-0.004157438127568279	0.020326113175320938
G902363685	0.01768828098293361	0.004330929115137965	0.00417013244097949
G902363725	0.0512869892025726	-0.013578037680524827	-0.003807080640601179
G902364485	-0.009728765774669452	0.04900422508094164	-0.006973033559108778
G902385285	0.027552284567756092	-0.004395581687702251	-0.06833605511485472
G902387315	-0.09020029377894974	0.014499539220002688	-0.027360105346965757
G902501965	-0.03423109064963694	0.040597253220478496	-0.02778171387110511
G902762555	0.027218124713941184	0.007696999309926581	0.031392068257081046
G902777695	-0.012999791189769076	-0.026386505613364954	0.0391316589297844

Site	8	3
14577.JR.TP1	-0.4298745060960494	-0.4018682864183794	-0.4894545014138008
14577.JR.TP11	0.2471868556159442	-0.010310335983502644	-0.4534390689828175
14577.JR.TP2	-0.38917420077195897	0.2247104015382648	0.1440082116548203
14577.JR.TP9	0.2560120882382068	0.05352722412936531	0.35388160497554205
14577.JR.TP7	-0.09281251001815219	-0.5927436975665148	0.28725109063338006
14577.JR.TP10	0.5590206453348745	-0.17166381912096565	0.2244607138925161
14577.JR.TP3	-0.3950899202332445	0.4303717904226181	0.33660270400376685
14577.JR.TP6	0.2447315479303792	0.46797672299911497	-0.40331075476340406

Biplot	0	0

Site constraints	0	0
