Species	Axis1_63.7	Axis2_34.7	Axis3_1.6
G000006865	0.115360475	0.000972753	0.023726209
G000006925	-0.074224981	-0.115866797	-0.029199351
G000007145	0.090759821	0.054561402	0.008270763
G000007325	0.070989342	-0.05195958	0.005382719
G000007525	-0.097065108	0.037566438	-0.048722272
G000007785	0.009210747	0.084697471	0.05091418
G000008865	-0.075482457	-0.113938603	-0.030109809
G000009925	0.026180192	0.001645225	-0.096195209
G000010425	-0.069850276	0.028628528	-0.030279223
G000011065	0.040544225	0.011422084	-0.085427505
G000012005	-0.071906585	-0.121347638	-0.026809077
G000012825	0.052674929	-0.004891242	-0.153384075
G000012845	0.056076819	0.019945563	-0.110342341
G000013285	-0.011997875	-0.143442576	0.004457609
G000014205	0.026942812	-0.050135709	0.036151936
G000020225	0.057966245	-0.035038408	0.020366058
G000020605	-0.024946712	0.016209453	0.010603283
G000022965	-0.019350335	0.016095544	0.017283726
G000024945	-0.014530467	-0.009235494	0.055132217
G000025205	-0.00787316	0.00595711	0.032228012
G000025305	0.02618064	-0.022068648	0.036406231
G000025565	-0.021895454	-0.104031697	-0.011327583
G000025925	0.020995596	-0.004103192	0.073023748
G000026325	-0.056955092	-0.11175106	-0.038235803
G000026345	-0.072304564	-0.115199166	-0.031066313
G000144405	-0.047728607	0.032778976	0.04300918
G000144625	-0.005042342	0.030045891	-0.003317277
G000146675	0.012599401	0.012158009	0.014150298
G000153905	-0.017903457	0.024446348	0.009530339
G000153925	0.010171911	0.010609124	0.019225903
G000154065	-0.006065874	0.01974313	0.02889609
G000154205	-0.038839615	0.011483415	-0.154764762
G000154245	-0.020912225	0.024830446	0.00887751
G000154285	-0.009974056	0.013167962	0.00965943
G000154305	-0.036496857	0.032851595	0.045369753
G000154345	0.013554374	0.04098077	0.058175259
G000154425	-0.024329413	0.021984174	0.021289225
G000154465	0.017476887	0.008371565	-0.0633736
G000154505	-0.001752992	0.009345391	0.028209682
G000154525	0.066530306	0.009820607	-0.151142994
G000154565	-0.027518632	0.042225709	-0.061366455
G000154845	0.093574747	-0.017922527	-0.120527957
G000155205	0.036377797	-0.006970766	0.016687708
G000155435	-0.014409206	0.0216067	-0.004451173
G000155875	0.009825243	0.004217038	0.016538884
G000156035	0.009159408	0.005252842	-0.036651844
G000156055	0.032070025	0.010830966	0.00186695
G000156175	-0.032011572	0.036338266	-0.028670502
G000156215	-0.040162608	0.037999906	-0.040104722
G000156535	-0.056436527	0.037412878	0.004955617
G000156655	-0.041539396	0.061051407	0.054336615
G000156675	-0.048955188	0.025665403	-0.028942924
G000157915	0.031218418	-0.000358945	-0.09187638
G000157935	0.003998209	-0.042602039	-0.047997324
G000157955	-0.020261441	0.026672723	0.002450297
G000157975	-0.026299693	0.028132378	0.022665485
G000157995	-0.016982468	0.022457137	-0.010077246
G000158075	-0.017467177	0.003061825	0.041148913
G000158195	0.179698222	-0.09288549	-0.076682285
G000158215	0.068413832	-0.049127233	-0.000176398
G000158275	0.07951875	-0.052152232	0.003666141
G000158295	0.022876002	0.006982125	0.012208562
G000158315	0.093510154	-0.081653444	-0.017795085
G000158655	-0.005880143	0.042661105	-0.005324539
G000159055	-0.04559602	0.035709772	-0.035892924
G000159075	-0.015877909	0.021770723	-0.08293993
G000159155	-0.007318035	-0.000287597	0.04367341
G000159995	0.019628057	0.008909439	-0.011323063
G000160095	-0.001122565	0.011366461	-0.016160472
G000160535	0.05821882	-0.020786697	0.031666023
G000160655	-0.019068778	0.110256515	0.035482699
G000162015	-0.053401774	0.036568733	-0.034590567
G000163515	-0.005981961	0.034370904	0.014424439
G000164865	-0.012383463	-0.108504496	0.032163113
G000165735	-0.026074746	0.000355444	0.067544636
G000165905	-0.065517475	0.028365724	-0.033207681
G000169035	-0.062470509	0.030408717	-0.03052297
G000169235	-0.019004864	0.019659959	0.003378246
G000169255	-0.017422118	0.042135889	-0.00127957
G000173795	-0.009672325	-0.006712971	0.006576291
G000174195	-0.001719592	0.025773171	-0.011430339
G000174395	-0.024493975	0.009831374	0.017507858
G000177015	-0.019009263	0.028927776	-0.041271081
G000177075	0.035041923	0.007569969	-0.028940201
G000177555	-0.008391398	0.007047766	0.043431735
G000179055	0.010397675	-0.000185431	0.06759523
G000183345	-0.069409323	-0.111813736	-0.030185026
G000185385	0.003909736	0.027062516	0.01985125
G000185845	0.021190658	0.002890959	0.009672404
G000186425	-0.015721146	-0.021247509	0.048958249
G000187895	0.002124516	-0.006556652	-0.151495845
G000188175	0.022755828	-0.002605327	-0.010363134
G000188195	0.071656179	-0.042793587	0.050046669
G000189595	-0.036509361	0.036754227	-0.002062609
G000190535	0.043003196	0.010212091	-0.03649524
G000190575	0.022161228	-0.00370606	-0.049293933
G000191065	0.023589679	-0.000785574	0.023498465
G000195315	-0.040615368	0.032473065	0.021929288
G000195635	0.01204651	0.007004877	-0.06763487
G000195995	-0.055951252	-0.109121169	0.014471941
G000205165	0.019107315	-0.015505307	-0.088258308
G000209385	0.035218409	-0.006838374	0.017198123
G000210055	-0.067117803	0.026594396	-0.006921307
G000210555	0.012917817	-0.006187829	0.016666654
G000210575	-0.021176833	0.024272513	-0.067167952
G000210615	-0.015473255	0.018372165	0.0184701
G000210635	-0.011989862	0.019971448	0.033926433
G000215745	-0.00313058	-0.120495266	0.01925088
G000218235	0.020635877	-0.084508654	0.059753089
G000220255	0.020222871	0.001723101	0.040599303
G000221545	0.013121707	-0.030011285	0.073253444
G000225345	-0.01984482	0.02682331	0.003077275
G000225705	-0.043185504	0.042479071	-0.01507696
G000230275	-0.012433434	0.019876174	0.01835064
G000233455	-0.007473692	0.017713541	-0.022568773
G000233535	-0.009494383	0.019421218	0.013791341
G000235885	0.027566373	0.002553602	-0.081625742
G000236865	-0.052507035	0.023316301	-0.019095437
G000238215	0.025495491	0.00154036	0.021844975
G000238795	0.03697944	-0.031057241	0.039006501
G000239355	0.015976746	-0.005205165	0.023724141
G000239695	-0.022650323	0.043974131	0.023393045
G000239955	0.063278293	-0.056274748	0.024081866
G000240185	-0.073378583	-0.057633677	-0.018800635
G000242215	0.028822473	0.000689484	0.006530297
G000242235	-0.018734267	0.033983156	0.03665715
G000242335	-0.009041004	-0.009935254	0.06319491
G000243215	0.053113975	-0.002006819	-0.022727939
G000245775	0.131346504	-0.037020344	-0.013930502
G000247895	-0.065777991	-0.102408307	0.025932706
G000250875	0.021024719	0.045713758	0.026878349
G000262225	0.025024833	0.007704903	0.011534202
G000262545	0.03039498	0.002909169	-0.020750835
G000265365	0.035865408	0.011007402	-0.05499542
G000269805	0.013541381	-0.01938263	0.022803611
G000277715	-0.003570824	0.023220682	0.026594733
G000283495	-0.029295157	0.00098697	0.048236595
G000285455	-0.032424623	0.062831269	0.021130641
G000296465	-0.014094324	0.008538066	-0.073592061
G000296505	-0.014692328	-0.003199849	0.030106888
G000297775	0.042731638	-0.022963062	0.043899276
G000299455	-0.078327781	-0.126570741	-0.040621345
G000304215	-0.012412635	0.003494311	0.028808011
G000307375	0.026890075	-0.00010794	-0.101276758
G000311845	-0.043797947	0.041138135	0.011308306
G000311925	0.026709993	0.018967574	-0.02168057
G000312145	-0.038476828	0.027798796	-0.021312673
G000315485	0.024283714	0.011826481	-0.077727832
G000318135	0.007847279	0.016782046	0.034178497
G000321165	-0.048386224	0.037808272	-0.011142514
G000321205	0.012136248	0.008508917	0.032912402
G000327285	-0.015140158	0.03275568	0.004883406
G000337735	0.008105748	0.052515593	0.051792327
G000337895	0.013322147	0.050540263	0.050898264
G000347695	-0.030927931	0.009951628	0.00633532
G000349975	0.05501971	0.005173063	-0.002953563
G000371705	-0.016967294	0.020720384	-0.021285009
G000372405	0.024027889	0.005258483	-0.030466912
G000373885	-0.083559051	0.023625952	-0.028666746
G000374405	0.024378226	0.006056753	-0.029584378
G000374585	0.028133274	-0.00677404	-0.053092509
G000376885	-0.00815215	0.005609127	0.025675513
G000378745	0.022877328	0.003247269	-0.013587686
G000379965	0.015860156	0.01720902	0.066427847
G000381365	0.061206047	0.022724313	-0.105870888
G000381725	0.020035758	0.005065571	0.011749196
G000398925	-0.015163736	0.014435599	-0.073226334
G000403275	0.02396614	0.007269849	0.041128564
G000403295	0.020474996	0.006048878	-0.000857094
G000403455	0.01564385	0.002685061	0.028960085
G000411515	0.046716434	-0.022289112	0.024482444
G000423385	0.024378219	-0.098480316	0.020644443
G000425005	0.020477193	0.00063023	0.011657479
G000426565	-0.077700899	-0.044251207	0.020159611
G000426585	0.023974822	0.008618218	-0.009977127
G000427365	0.034446512	0.00414266	-0.035161295
G000428205	0.003231964	0.002660639	0.04215875
G000428565	0.032630212	0.000623982	-0.08773089
G000430525	0.023938847	0.004429556	-0.030415961
G000431015	0.049264783	-0.055851759	0.042138978
G000431175	-0.018358306	0.00036046	0.01415391
G000431495	-0.025550862	0.022253919	0.047400333
G000431915	0.054276619	-0.030810039	0.054881854
G000431935	0.063613421	0.006948875	0.00574352
G000431995	0.007149548	0.004930289	0.032336576
G000432055	-0.017535801	-0.047711872	0.012710862
G000432435	-0.029689294	-0.045225843	0.014917725
G000432615	0.025855569	-0.00434132	0.04131219
G000433375	0.068087075	0.020883056	-0.096273524
G000433575	0.04515696	0.006525007	-0.024902286
G000433955	0.013613489	-0.019846877	-0.106766866
G000434095	0.037851076	0.008298042	-0.020244976
G000434135	0.053710458	0.023894455	0.02940048
G000434475	-0.000870862	-0.081660817	0.014683427
G000434515	-0.000199946	0.000883296	0.043239844
G000434535	-0.042634735	0.033629766	0.007468639
G000434735	0.04908674	-0.001603188	-0.003552578
G000434855	-0.030364905	-0.032999075	-0.030408218
G000434975	-0.004137986	0.016621425	0.020302512
G000435075	0.041618134	0.014709298	0.021226857
G000435555	-0.000632086	-0.083546973	0.017993824
G000435635	0.018623888	-0.003174138	0.011080988
G000435735	-0.016589291	-0.012358444	0.000902469
G000436035	-0.017322453	-0.038785954	0.000571371
G000436055	-0.006597269	-0.003094552	-0.031188376
G000436135	0.045370371	0.008483238	-0.13466943
G000436195	-0.008906545	0.056033937	0.030992472
G000436295	0.023230523	-0.018618725	0.026038641
G000436395	0.082572513	-0.030753468	0.013170831
G000436435	-0.014264554	0.016655432	-0.096742094
G000436695	0.013277988	-0.014307387	0.021511973
G000436795	0.06202686	0.009664434	-0.043122921
G000436855	0.032814636	0.005864545	-0.087908786
G000436895	0.013854445	-0.02201072	-0.114464481
G000436915	-0.009757009	-0.016048169	0.030242753
G000437535	0.006393544	0.00281789	0.027069917
G000437675	0.075603697	0.022250626	0.030929251
G000437715	0.014991362	-0.037691453	0.016658226
G000437995	0.056989129	0.028731781	-0.044679087
G000438035	0.052712722	-0.005380374	-0.14783498
G000438395	0.097070043	-0.029577479	-0.131396386
G000450985	-0.015405187	0.019386387	-0.058998978
G000455225	0.001508079	-0.022758623	0.073558711
G000455445	0.022600252	0.000731413	-0.017680497
G000463355	-0.016846375	-0.046205396	0.007634498
G000466245	0.033272359	-0.020013895	0.031806215
G000466465	-0.025068526	0.018397605	0.015321865
G000466565	0.023489538	-0.002973146	0.00994185
G000468755	-0.010903908	0.006268258	0.031438311
G000468855	-0.009852434	0.005395136	0.034402811
G000469445	-0.01816813	0.050572697	-0.012013658
G000478965	0.007862305	0.068423453	0.051870207
G000479045	0.039266786	-0.012372383	-0.004200631
G000499785	0.027120876	0.004751775	-0.033262817
G000511775	0.039344549	0.012387491	-0.022198398
G000512915	0.00458561	0.001228978	-0.047206708
G000517545	0.044940199	0.008338527	-0.02164619
G000519105	0.045214626	-0.00391912	-0.052536722
G000524335	-0.014276419	0.002766944	0.021793045
G000526735	0.053796407	-0.018918872	-0.105421823
G000565075	-0.047197008	0.02227204	0.021792802
G000585355	-0.004189679	0.003244427	0.060010151
G000598465	0.027944354	0.019513331	-0.030305776
G000598965	0.026239637	0.020504829	-0.034930074
G000599385	0.031750273	0.0037656	-0.084696159
G000613345	0.022190275	0.004536705	-0.019816104
G000613525	-0.095453825	-0.042552188	0.028162308
G000613785	0.021367869	0.028436376	0.069523616
G000613805	0.048167822	-0.004933912	-0.006051708
G000613925	0.036768398	-0.036468376	0.062640424
G000613985	0.02944065	-0.014146307	0.067630017
G000614145	0.034764908	0.009787541	-0.063680667
G000621445	0.021594365	0.003394545	0.01113706
G000622245	0.036202693	0.004290808	0.006245121
G000648175	0.053455141	0.097541632	0.039792549
G000648515	-0.063677744	-0.11698397	0.004911205
G000686565	0.062518342	0.008693742	-0.073138253
G000688375	-0.015798979	0.043370984	0.015505229
G000691645	0.021936844	0.007726995	0.012720189
G000691665	0.022323795	0.011156187	0.015239814
G000691685	0.023298666	0.016269516	0.017260297
G000691725	0.023634794	0.015213312	0.017282444
G000691745	0.022143409	0.012392963	0.014844807
G000694955	0.034805555	-0.126005316	-0.043945887
G000701665	-0.013820543	0.023414277	0.027715035
G000701705	0.039102235	0.039239387	0.012869931
G000702025	-0.047428919	0.02591186	0.02448335
G000723745	0.034745361	-0.07526017	0.026986703
G000735365	-0.042237831	-0.050844204	0.0243558
G000735455	-0.016967887	-0.110180868	0.037881583
G000735515	-0.039305694	-0.109415967	0.021651045
G000737865	-0.005590355	-0.001106968	0.027563081
G000738005	0.007514202	-0.006140217	0.043223596
G000741135	-0.064229675	0.027450144	0.015186666
G000741165	-0.075598539	0.029953509	-0.040824984
G000741175	-0.098259215	-0.000628881	-0.090643899
G000741205	-0.008427962	0.006008558	0.029253112
G000741215	-0.061381866	0.030740304	-0.017952014
G000741255	-0.053202308	0.02785832	0.037479822
G000741285	-0.007987845	0.003062528	0.022111168
G000741525	-0.004622983	-0.000512867	0.029886741
G000741575	-0.022909926	0.013521285	0.000806057
G000741645	0.000978842	0.01521747	0.026828398
G000741695	-0.10856231	0.027048413	-0.130187238
G000741705	0.004778861	0.004717863	0.03646786
G000741715	-0.102557158	0.027939329	-0.038415824
G000741765	-0.012423362	0.00842855	0.026540874
G000741775	-0.006412634	0.017059496	0.020173948
G000741785	-0.105026995	0.027268302	-0.071972642
G000752675	-0.023157717	0.017795313	0.007612019
G000757785	-0.052145117	-0.074910825	0.027374502
G000758925	0.024750203	0.005595377	-0.030056139
G000762865	0.008790003	0.007258699	-0.007162203
G000763135	-0.005129699	0.055482579	-0.059813486
G000763765	0.032450338	0.012026042	0.041508407
G000765235	-0.022023473	0.030695377	-0.008258766
G000767175	0.011822162	-0.018729729	-0.010622885
G000768955	0.032312992	-0.001801142	-3.94E-05
G000775615	0.089192489	-0.022357987	0.035338158
G000777575	-0.049817164	-0.117151895	-0.020497424
G000777875	-0.051665412	-0.104093014	-0.006370651
G000778805	-0.043634878	-0.114929907	-0.005537216
G000779535	-0.053695324	-0.107452474	-0.019783092
G000781475	-0.046871101	-0.097603689	-0.021241917
G000784965	-0.043181016	-0.114255705	0.01972639
G000785515	0.042438867	-0.004141204	0.028844458
G000800475	-0.015048501	0.008813853	0.011620125
G000803105	0.027219464	0.001970339	-0.02807574
G000813025	-0.026577754	-0.066657382	0.018214624
G000814825	-0.04329266	0.033953469	0.003537946
G000818035	0.014194703	-0.021101894	0.022002748
G000821265	-0.045234619	0.042074597	-0.002076815
G000832075	0.018101245	-0.008978695	0.000783481
G000834015	0.019520627	0.001866426	0.033708856
G000944155	-0.110977011	-0.003355726	-0.060729975
G000944855	-0.076307442	-0.127839822	-0.035566213
G000969835	0.045406738	0.003999705	-0.015038686
G000980235	-0.004372262	0.019912407	-0.000546898
G000980375	0.034585079	-0.009224352	0.01492225
G000980495	0.039028402	-9.38E-05	0.024401437
G000980515	0.082097353	-0.030626145	0.013352903
G000980655	-0.015748517	0.057715277	0.03336539
G000982825	-0.027270162	-0.148144968	0.026679078
G001022135	-0.019266038	-0.144683179	0.024257196
G001022195	-0.037382252	-0.111631627	0.008858375
G001025155	-0.087587183	0.031729569	-0.015818528
G001025175	-0.095799718	0.032676435	-0.032874706
G001042595	-0.056741537	0.026657555	0.00220737
G001042635	-0.082876696	0.034586574	-0.034847939
G001042695	-0.009787628	-0.002237558	0.050917062
G001045675	-0.004155039	-0.018651259	0.074822445
G001049915	-0.037759962	0.021736455	0.054662997
G001066585	-0.036205877	-0.023630495	-0.013129559
G001244495	-0.020442462	0.058151291	-0.019810133
G001244995	-0.01258585	0.054811871	0.02114534
G001262015	0.030492888	0.016898767	0.066315734
G001263395	-0.022260112	0.005885392	0.029029923
G001267865	-0.068043398	0.008511558	0.026856638
G001275135	0.0546694	-0.002775342	-0.062291515
G001280875	-0.043818295	0.028506978	0.041119521
G001283625	-0.057180153	-0.106085256	-0.039035856
G001304875	-0.023952649	0.026193514	0.026775352
G001305115	-0.048336123	0.039921374	0.014060081
G001305135	-0.001119707	0.003834334	-0.006496273
G001308145	0.05579927	0.017986576	0.005599925
G001312505	0.017733377	-0.00044103	0.002475327
G001314975	0.049617458	0.028153182	-0.066838449
G001314995	-0.017510321	0.016244838	-0.092908924
G001318345	0.033681929	0.004747393	-0.051971413
G001398415	-0.023771839	-0.052712392	0.019030801
G001403595	0.048733181	0.0078153	-0.012833149
G001404335	-0.001167224	0.017481809	0.016588076
G001404455	0.016229182	0.00759076	0.007738887
G001404695	-0.076769157	0.040414518	-0.027149688
G001405375	-0.01963361	0.034756013	-0.015038291
G001405615	0.010435576	0.011998488	0.003507039
G001406335	-0.007740851	0.020233611	0.01042016
G001417815	-0.108624126	0.028317562	-0.11567905
G001436895	0.024922345	-0.024287371	0.016933077
G001444445	0.012569187	0.003357889	0.048057088
G001454945	-0.013070367	0.058371268	-0.003211504
G001457795	-0.008429884	0.005208854	0.026544925
G001481375	-0.018124643	0.030709719	-0.005429866
G001486665	-0.016429512	0.045322148	0.002578156
G001487125	0.011274745	0.00592707	0.01812931
G001494635	-0.021381829	0.018414922	0.018982989
G001512635	-0.018826152	0.010572093	0.043717279
G001543405	0.004716337	-0.000918477	0.057042808
G001552785	-0.04900364	0.02229001	0.022398933
G001553935	-0.018764495	0.038959207	0.047333835
G001558935	-0.059419896	-0.105110145	0.018087603
G001571285	-0.069533489	-0.103522026	0.014326029
G001584645	-0.009307598	-0.055245695	0.035414442
G001586165	-0.059503308	-0.082622652	0.034360473
G001683355	-0.001148837	-0.003452986	0.069027688
G001688625	-0.00968204	0.061255277	-0.129405166
G001688965	0.011647431	0.013072536	0.03701415
G001689425	0.024274108	0.003561733	0.029551162
G001689655	-0.007992421	0.002349724	-0.003288155
G001701255	0.023433836	-0.009185578	-0.008239061
G001701295	0.050814262	-0.010830857	0.038099483
G001719865	-0.038910101	-0.031973694	0.02758746
G001854465	0.067347018	-0.046565661	0.010344672
G001855385	0.00872002	-0.026850792	0.02006479
G001884305	0.058133765	-0.062425818	0.024687949
G001899425	-0.006512417	0.044334453	0.022305055
G001908775	0.006041199	0.05941191	0.046187345
G001915415	-0.002734913	0.010315738	-0.02112114
G001915435	0.042902062	0.015120511	-0.042772554
G001915455	0.011344078	0.003970028	-0.086159479
G001915495	0.037659321	0.003820971	-0.070126751
G001915575	-0.012038057	0.001742231	-0.024003024
G001915615	-0.099786424	-0.017511708	-0.021430641
G001915655	0.020777901	-0.014148462	-0.029299999
G001916495	0.020313682	-0.075135425	0.025977891
G001916615	-0.017260123	0.011951404	0.042139782
G001916865	0.014713501	-0.0095224	0.018595611
G001917125	-0.008469288	0.056607376	0.029871205
G001917135	0.050466626	0.026757781	0.027814872
G001940855	0.048530338	0.02675877	0.015195988
G001940945	0.054995947	0.012936561	0.004420091
G001941055	0.030734425	0.023278339	0.014960955
G001941065	-0.040984429	0.022760494	0.013214898
G001941125	0.070307818	0.030131071	0.040217808
G001941225	0.087195504	0.034231256	0.05021127
G002032965	-0.05883489	-0.051604719	0.020189573
G002159555	-0.029425778	-0.009913786	-0.003295906
G002159625	-0.081334092	0.035588518	-0.026307474
G002159645	0.017987682	-0.00761262	-0.014061957
G002159835	-0.031996324	0.037443622	0.016106153
G002160015	-0.01457186	0.024332969	0.024131482
G002160025	-0.03217129	0.045810982	0.006504574
G002160065	-0.051084744	0.038087939	0.001936183
G002160525	0.021111808	-0.002813804	0.023440553
G002160755	-0.031326618	0.026102697	0.00883857
G002160895	-0.049765362	0.023649517	-0.022821219
G002160955	-0.025782959	0.034800484	0.016817016
G002161065	-0.046602029	0.021702798	0.023402496
G002161285	-0.021381377	0.011839727	0.017719232
G002251205	0.003607391	0.007989378	-0.008702644
G002251365	0.008083026	0.00823309	-0.009495534
G002251435	0.040320698	-0.007486994	-0.005849123
G002259605	-0.013482769	0.015468663	0.017345736
G002259685	-0.057280767	0.029222777	-0.029991705
G003014445	-0.023670079	0.02920972	0.015057625
G003072045	-0.055264724	0.005619518	0.021771522
G003148945	-0.008878148	0.018010576	0.004674217
G003150645	0.015808867	-0.032431487	0.026496343
G003265305	0.022805331	-0.000833517	0.031269454
G003315635	0.002853851	-0.004840551	0.025907661
G003324125	-0.054809518	0.03719504	-0.012705598
G003340315	-0.015986089	0.01184693	0.027724017
G003343915	0.02499675	-0.000104052	0.031469047
G003432035	0.00627434	-0.002945466	0.014470069
G003434045	-0.023107347	0.028698831	0.036682419
G003435055	0.009976983	-0.002467542	0.036673546
G003435925	-0.012765773	0.032113767	0.034959824
G003438995	0.039774915	-0.003819548	-0.017823174
G003457795	0.04160337	-0.003748728	0.017332317
G003458885	0.010309521	0.014763983	0.018860475
G003461285	-0.00498214	0.012032823	0.018826675
G003467125	0.028041175	-0.010066552	0.072677733
G003467845	-0.010463581	0.017720673	-0.010528631
G003477885	-0.010379929	0.012365424	0.029033106
G003478165	-0.018444721	0.00870087	-0.014243965
G003478285	0.000111448	0.011331021	-0.00615338
G003478355	-0.00619777	0.021140472	-0.043408666
G003479825	0.027808283	0.006776595	-0.083991538
G003479885	0.006544557	-0.000336875	0.020400594
G003481355	0.018881682	0.006343558	0.022571748
G003481825	0.021581763	0.000473524	0.00928956
G003481995	-0.014036843	0.01950719	0.010711872
G003490145	-0.001320729	0.006463266	0.001627648
G003611805	-0.044863348	0.034481871	0.027882068
G003762615	0.008709649	-0.006695878	0.006470506
G003762715	0.021476725	0.011646621	0.012051926
G003762745	0.022988991	0.003489111	-0.016496856
G003762875	0.013638598	-0.008934888	0.010875579
G004102775	0.038499046	0.004393493	-0.01047516
G004102785	0.027781877	0.002868455	-0.041595686
G004102805	0.019534046	0.006787264	-0.012119534
G004115465	0.000474188	0.007615693	-0.023720606
G004127505	-0.021175245	-0.078566117	0.02901226
G004341685	-0.002049116	-0.053803959	0.036872618
G004552135	0.017410811	-0.003798132	0.016376695
G004552795	0.021228693	0.005580084	0.009107814
G004553245	0.027974514	-0.00332693	-0.006880322
G004553345	0.016027097	-0.012104557	0.034152756
G004553635	-0.05697776	-0.066241681	-0.028420451
G004555055	0.015718937	-0.012381261	0.002815247
G004555765	0.010722879	-0.027514259	0.034333138
G004556045	-0.021422674	0.061812626	0.034414025
G004556245	0.049645883	-0.001835298	0.036918049
G004556445	0.023199268	0.092124902	0.025145297
G004556705	0.012516689	0.017988045	0.004544236
G004557065	0.01268747	-0.043614469	0.04828584
G004557245	0.015222848	0.023740537	0.039160373
G004557415	0.017665259	0.004871553	-0.024264623
G004557545	0.056969141	-0.053721884	0.04179153
G004557565	-0.012552886	0.022507168	0.034987383
G004557655	-0.05958964	0.007349599	0.016500282
G004558425	0.01770686	0.041433504	-0.011017822
G004558535	0.010074468	0.015525418	0.01920559
G004561075	0.022262581	0.003944508	0.02266136
G004561445	-0.017001507	0.015475451	0.010629955
G004561455	-0.009587236	0.003794452	0.01270536
G004562255	-0.008292371	0.025794104	0.034847441
G004562975	-0.000862113	0.019070122	-0.002377603
G004563195	0.016465987	0.005292354	0.005750023
G004563615	0.032468693	0.025834758	-0.008355692
G004792655	0.024262627	0.003768307	-0.037945077
G004792675	0.043900087	-0.008206936	0.043731998
G004793665	-0.014217382	0.012086104	0.007782982
G004803695	-0.004169177	0.010534892	-0.02294955
G004803915	0.056894225	-0.011381529	-0.000592998
G005048345	-0.010131886	0.030186238	0.015945806
G007293315	-0.042058806	0.022520767	0.032875516
G007559425	0.012204622	0.027710047	-0.035930685
G007581405	-0.002669875	-0.045644475	0.03338347
G007896885	0.026835189	0.003410661	0.006906075
G007998125	-0.065290771	-0.124739113	-0.038049276
G008040105	-0.008490054	0.015551279	0.030958936
G008273775	-0.062797491	-0.111338063	-0.044270927
G008667375	-0.005687278	-0.001508579	-0.025403113
G008679325	0.047593469	-0.011469259	-0.018974492
G008698165	-0.078339589	0.022026848	-0.082188066
G009695875	-0.009205097	0.016090837	0.02693871
G009696045	0.005917104	0.003166503	-0.015576728
G009696485	-0.014034208	0.024199547	0.029176837
G009696565	0.034348915	0.004229324	-0.00428007
G009774765	0.035920264	0.040006139	0.053266309
G009774865	0.024669535	0.0027139	-0.047832202
G009831105	-0.016457279	-0.002799395	0.003943142
G009929575	0.024204823	0.005868073	-0.027435987
G009930375	0.045351136	-0.035114723	0.048509268
G009937725	0.006324857	-0.120289757	0.029997521
G010367435	0.020771704	0.003142999	0.010053663
G010500965	0.040263904	-0.005774727	0.018667497
G010537155	-0.007229068	0.010856541	-0.002428503
G010592515	-0.014951985	-0.167775223	-0.013223352
G010667615	-0.026875703	0.013280877	0.004401766
G011959405	0.030659887	0.004868499	-0.016117918
G011959465	0.031548315	0.021353758	0.033250388
G011959565	0.035932522	0.017437767	0.045617184
G011960185	0.031353257	0.001841083	-0.029427229
G012102505	-0.031166461	-0.016942026	0.028630284
G012161415	-0.054799631	-0.120434871	-0.008251366
G012357415	-0.072017686	-0.103819588	-0.026663787
G012932365	-0.102755526	0.038144048	-0.046706614
G900021155	0.02325631	0.007072303	-0.0274237
G900046475	-0.045788673	0.035047575	-0.018991414
G900066095	-0.021336961	0.019108745	0.017277428
G900066135	0.015000486	0.01222497	-0.006324006
G900066255	-0.02212454	0.006667389	0.030108518
G900066445	0.060870438	-0.015269729	-0.04979105
G900066505	-0.002326626	0.005477432	-0.002830173
G900066525	-0.017267984	0.036349419	-0.024337346
G900066545	0.036631833	-0.004474393	0.006097244
G900066655	0.044982805	-0.00456606	-0.077931138
G900066885	-0.054541973	0.040736678	0.031280471
G900079775	0.029736705	-0.000447391	-0.06359746
G900086585	-0.022051479	0.024680475	-0.043458758
G900091655	0.042180344	0.006875574	-0.048204208
G900091675	0.022886923	0.011802649	0.025173612
G900094885	-0.043576236	0.015946263	0.04149276
G900095865	-0.017227892	0.036378662	0.046361854
G900101655	-0.049263017	0.041477947	0.020449114
G900103315	0.009148262	-0.014600046	0.040369946
G900103425	-0.009321311	0.029225958	0.012254191
G900103535	-0.018677219	0.08357084	0.064019167
G900104585	0.03324464	0.005688853	0.024924352
G900104605	0.078688492	-0.005186383	0.012180054
G900104615	-0.080335055	0.057099919	-0.028031386
G900104675	-0.021919402	0.035463444	-0.006958405
G900106785	0.011443973	-0.009821059	-0.060456686
G900106855	-0.030580342	0.019516251	0.029951775
G900108345	0.024472172	-0.003762472	-0.082126368
G900113155	-0.017915141	0.027646714	0.021860367
G900116045	-0.072837263	0.048391008	-0.018404275
G900119895	-0.035626847	0.034284534	-0.025012928
G900120005	-0.029316009	0.029190272	0.027478157
G900128475	0.039181343	-0.001331489	-0.084378413
G900128485	-0.029509388	-0.029264574	-0.035102332
G900128905	0.048406493	-0.009971346	0.019642775
G900142165	0.032677083	-0.015743599	0.022623699
G900142265	-0.048263734	0.026719129	-0.015298913
G900142485	0.026961368	0.006686798	0.021451214
G900143685	-0.060040174	0.02514982	-0.029116891
G900148495	0.016523226	0.011971132	0.007478463
G900155635	-0.014019316	0.008170325	0.016888898
G900167275	0.033120552	-0.001632601	0.004970833
G900169495	-0.021780499	0.020183877	0.028075676
G900169975	-0.014501894	0.062664471	-0.028935224
G900176655	-0.061137904	0.04168078	-0.017439021
G900199495	-0.012196944	0.048052531	-0.028611636
G900227605	-0.043767341	-0.075200785	0.000670839
G900240225	0.031082749	0.002344948	-0.027127117
G900291465	0.033559818	-0.00340883	-0.040798238
G900292045	0.065344419	0.021095505	0.045459468
G900312975	-0.025721847	0.01804177	0.022184487
G900316315	0.004172901	-0.004461097	0.065312372
G900445225	0.073044256	0.009037655	0.026699813
G900538745	0.017806058	-0.006397822	-0.000377121
G900538765	-0.020468285	0.035549623	0.04047092
G900539795	-0.019564564	0.011446643	-0.015880204
G900539925	-0.012188401	0.019237872	0.052575283
G900540205	0.019388696	-0.000378869	0.017832462
G900540535	0.061875159	-0.0016709	0.014770399
G900541935	0.057612358	-0.013106465	-0.025982696
G900542815	0.029457087	0.001179598	0.041935278
G900543375	0.013251308	0.023179937	-0.008786854
G900544565	0.021469039	0.036802744	0.0554192
G900544945	-0.024992894	0.010768275	0.024131215
G900545025	0.042757648	-0.032595222	0.001324937
G900545585	-0.00640393	0.056514812	0.042918859
G900548875	0.020435461	-0.007078891	-0.034473058
G900551515	-0.003665679	0.001659164	-0.0176829
G900552255	-0.009589073	-0.003390521	0.036474629
G900552655	-0.005946787	0.013563726	0.022203731
G900552765	0.069145296	-0.031151148	0.039776108
G900553625	0.075046588	-0.006445933	0.028566619
G900604335	-0.016930691	0.019900208	0.008007403
G900604355	0.108090265	0.015774464	-0.046549669
G900606105	-0.064038385	0.03100403	-0.02850544
G900683765	0.023178929	-0.016135416	0.009427046
G901212675	-0.092806562	0.037406825	-0.01973106
G902160675	-0.024084703	-0.140233192	0.012802621
G902167945	0.002078298	0.011886523	0.011876519
G902167965	0.010301681	0.006783879	-0.013873432
G902363025	-0.008402513	0.027565354	-0.041091671
G902363055	-0.048357036	0.032402155	0.023258508
G902363075	-0.018605539	0.028784916	-0.015465222
G902363425	0.038506774	0.002005673	-0.013386351
G902363555	-0.01117171	0.018682939	0.00305921
G902363565	-0.019549793	0.024943949	-0.011439168
G902363595	0.016560844	-0.004157438	0.020326113
G902363685	0.017688281	0.004330929	0.004170132
G902363725	0.051286989	-0.013578038	-0.003807081
G902364485	-0.009728766	0.049004225	-0.006973034
G902385285	0.027552285	-0.004395582	-0.068336055
G902387315	-0.090200294	0.014499539	-0.027360105
G902501965	-0.034231091	0.040597253	-0.027781714
G902762555	0.027218125	0.007696999	0.031392068
G902777695	-0.012999791	-0.026386506	0.039131659
			
Site	8	3	
14577.JR.TP1	-0.429874506	-0.401868286	-0.489454501
14577.JR.TP11	0.247186856	-0.010310336	-0.453439069
14577.JR.TP2	-0.389174201	0.224710402	0.144008212
14577.JR.TP9	0.256012088	0.053527224	0.353881605
14577.JR.TP7	-0.09281251	-0.592743698	0.287251091
14577.JR.TP10	0.559020645	-0.171663819	0.224460714
14577.JR.TP3	-0.39508992	0.43037179	0.336602704
14577.JR.TP6	0.244731548	0.467976723	-0.403310755