Eigvals	3
63.901973298475276	40.290116577207776	10.97109170975258

Proportion explained	3
0.700768443766683	0.27857558172454217	0.020655974508774707

Species	598	3
G000006865	0.03016758099935309	-0.04743232770148896	-0.030546704356435982
G000006925	0.013809407655532855	0.07595203046837165	0.019224695919382872
G000007145	0.039822931815157586	-0.049037500342898215	-0.0778754072321002
G000007325	-0.06514882399602795	-0.052304493672349496	0.02583191290018539
G000007525	0.025302614775340276	0.035269764021934644	-0.07060303529059883
G000008865	0.011243636630346426	0.07536175305407611	0.01636049733532896
G000009205	0.013454918441375308	-0.08214413733697254	0.03856208903393207
G000009925	-0.055352955129994046	0.013823759359836615	-0.08167079463755486
G000010425	0.034991547832379996	0.04392453548505636	-0.04228957179045838
G000011065	-0.0636544837429739	0.007502805990742628	-0.07658448882398686
G000012005	0.013616861536867792	0.07143858604987878	0.021903085311543075
G000012825	-0.07674761555002103	-0.0022867077660032233	-0.14974735139792153
G000012845	-0.06620004824569167	-0.07089200273256106	-0.1338863570114183
G000013285	0.021054341067204406	-0.021911970499172075	-0.0018017807709091041
G000014205	0.008577366675404492	-0.09883189577191126	-0.016216180854977256
G000017005	0.03161389301604621	0.01894445841018569	0.019981566980984335
G000020605	0.027722599298421	0.00012033353308554908	-0.0063721131484021235
G000022965	0.023873185766752694	0.01870411274658234	0.01743917622902216
G000024265	0.02659478721496204	-0.03622398399705834	0.016000949813991132
G000024945	0.00624894586023757	-0.05162457406490742	0.035346532261327265
G000025205	0.02412848618963483	0.02217254386769703	0.03430137598211776
G000025305	-0.013581690581385922	-0.01993234783344104	0.029198722597708372
G000026325	0.012662117054622926	0.0790689855656831	0.01731698904108228
G000026345	0.014271673780222883	0.07742564103079713	0.019349415913008823
G000143845	0.05017145537829215	0.028598595105223727	0.03515272484192855
G000144405	0.037340914886683806	0.027902038579126584	0.03768439904497756
G000144625	0.028495270112083124	-0.003443644481597903	-0.00851580657263675
G000146675	-0.04193663535068065	0.006709401990913248	0.038398056203175136
G000153905	0.03989369664710448	-0.0186763842845328	-0.008368386608603381
G000153925	0.010017695376277534	-0.023331637766766156	0.015412919678028655
G000154065	0.02103540693693967	-0.00813594952257129	0.016606688059916056
G000154205	-0.04962667372747251	0.031554307844501035	-0.12120209399509962
G000154245	0.05173352510585148	-0.004361339296114336	0.0025908613660558803
G000154285	0.018485583662759375	-0.01413927898821138	0.0010311870976075675
G000154305	0.0263461670573656	-0.02171985941300852	0.011201138043385175
G000154425	0.045208368505838224	-0.018571898094431116	0.0075450448399391416
G000154465	-0.016713949264093055	0.023445897178810605	-0.07628109398431622
G000154505	0.04535337237166697	-0.002633170047333609	0.023395628455739607
G000154525	-0.09311390242535943	-0.0426443113562314	-0.1351810986827664
G000154565	0.06608558758075003	-0.02003521461677046	-0.09478554180469026
G000154845	-0.08804295099045974	-0.02502724075961258	-0.09634085452885995
G000155205	0.01667490686216358	-0.03394512183031095	0.018045720227891793
G000155435	0.041753147545565104	-0.011243385774374767	-0.016461140480058718
G000155855	0.0012083454673252846	-0.03902198632728518	0.011778185662828013
G000155875	0.013858250045672794	-0.031356141720005365	0.0072578688892021796
G000156035	0.04187561785655667	-0.03422146649816323	-0.047489397521727005
G000156055	0.02906741454144824	-0.13413743335579378	-0.06569222166098736
G000156175	0.037354605625091616	0.004364982620271964	-0.050570498919896845
G000156215	0.03623345291407068	0.007159900658059573	-0.060563560950195224
G000156535	0.019075679064647567	-0.0318535164112016	0.018716442345121185
G000156655	0.022559753858798236	-0.00016681030387979536	0.030423599084331954
G000156675	0.04983324339993399	0.004835178475891529	-0.03787106078044955
G000157915	-0.06530067172325296	0.01129878463599583	-0.07353198262830928
G000157935	0.03259669609306507	0.1845949629102473	-0.07737446310054114
G000157955	0.04668017769538144	-0.0019881139349867574	-0.0055726587036983785
G000157975	0.0232763350405043	-0.012522346060527247	0.025067001441068704
G000157995	0.050369509803853615	-0.0031162763545625398	-0.01863870112770871
G000158075	0.02925628939770149	-0.050648498950181094	0.0011596658593656334
G000158195	-0.12087929409174332	-0.1795485128257561	-0.05643729403575785
G000158215	-0.07290232885261541	-0.056992243270693785	0.025165827824796417
G000158275	-0.0693134217730851	-0.057335938658645766	0.02433820412138715
G000158295	-0.07821785833912981	-0.025624887817963866	0.06145304358707643
G000158315	-0.08921373030808163	-0.0683646974836582	0.016546688463355247
G000158655	0.03211565125568322	-0.034194843833598706	-0.0012761238687852845
G000159055	0.05226705857473957	0.004871132477230741	-0.04820926017728799
G000159075	-0.026164150443074442	0.055392060183063696	-0.05970265890623177
G000159995	-0.05193621746178541	0.024956098004619363	0.013194140949741346
G000160095	0.04358445608766698	-0.03937174910456895	-0.044418277867280226
G000160535	-0.04568704174760616	0.010258737299142224	0.052956413111799765
G000160655	0.035020182766640165	-0.026235801508954135	-0.0029582378457563767
G000160675	0.04744396300028398	-0.0008922851726406371	0.013097429782720686
G000162015	0.06725071974805219	0.010009839559814824	-0.054449567738887386
G000163515	0.013361513671770483	-0.019251807504496257	0.0018694462527653595
G000164675	0.023618718450518654	-0.019723684945613457	0.03305115948106235
G000165905	0.024677435070974675	0.025504154970174983	-0.0421532540475588
G000169035	0.03983042828446002	0.004186189266963123	-0.04900626726022078
G000169235	0.0595705368039398	-0.006298218562296935	-0.01214613480300338
G000169255	0.05076566748881234	0.00457848878572214	-0.015700704876617535
G000174195	0.024235295094577856	-0.014120275445880886	-0.02405608500766033
G000174395	-0.010142107712645135	-0.04802296211953879	0.00852809582406382
G000177015	0.047867122017739384	0.012757734289094647	-0.05954054911670199
G000177075	-0.05517333085285778	0.007227233076312406	-0.008165934974612392
G000183345	0.009011199844374089	0.08756960804568481	0.02550095269517272
G000185385	0.021371259532896775	-0.039723602832030996	0.021728717773924204
G000185845	-0.03874510823808631	0.046128914074515685	0.03557680620739252
G000186425	0.032116847737727036	0.029734546643727253	0.038699997268983814
G000187895	-0.09766569197068092	-0.004341398508147178	-0.13058022054226598
G000188175	0.0026090134370163123	-0.03825854462421282	-0.026295942790966805
G000188195	-0.0428173091134714	-0.05233425787188871	0.04700512854618924
G000189595	0.051200275125273476	-0.03710869578627463	-0.02853482640291717
G000190535	-0.04868828807918819	0.014998376451889929	-0.013536100944545304
G000190575	-0.0649770419744558	0.014353648800513845	-0.023836865503888062
G000191065	-0.029878635621676215	0.04046089794343518	0.03728069184171071
G000195275	0.05158316396094543	-0.01405695070458774	0.03329050943569921
G000195315	0.03668169157638034	0.005952968066221267	0.011965967049844163
G000195635	-0.05264325730265181	0.03335195694463228	-0.04007698479610929
G000205165	-0.04642306723946275	0.06682323210773745	-0.054358097690790586
G000209385	0.021954285163192973	-0.042087925713771485	0.02225782712785845
G000210055	0.03446433984226239	-0.00909808006808723	-0.030358686304665945
G000210555	0.002780230632155405	-0.029998055752992085	0.00933556146183748
G000210575	-0.00864517132320229	0.05176864666261857	-0.07399948400149739
G000210615	0.01630929659175607	-0.0227872650023881	0.009019618712484107
G000210635	0.028035013150131384	-0.018720961592804376	0.027133693037099182
G000225345	0.05313694299447563	-0.01635140723528128	-0.008949143528462449
G000225705	0.032684839479809186	0.005724434543595163	-0.03312440934437876
G000230275	0.011051327449607077	-0.02820133382275534	0.020248939936393102
G000233455	0.04141945395654376	-0.008487804361613964	-0.03317693465933489
G000233535	0.05317691014919041	0.027967329118954887	0.009098623463998295
G000235505	0.006882202157995771	-0.001414431911190308	0.03706671603229257
G000235885	-0.05523154186023191	0.02177873897901415	-0.0657571757349853
G000236865	0.03859258563784226	-0.00900194923358431	-0.0367572550653945
G000238215	-0.03530606408278298	0.010276442014853428	0.043180239249970526
G000239355	0.031877260036692924	-0.06523821806370779	0.032687358989300634
G000239695	0.05155719118032297	-0.0033940927800972117	-0.007731104426732311
G000240185	0.028863864763303108	0.02778626575932501	-0.001973968886756785
G000242215	-0.0857679840896271	-0.030046099501548112	0.0590001256665692
G000242235	0.01917944465018151	-0.01765339094932622	0.0261037035210881
G000242335	0.03348432966391209	0.03588362413042326	0.038962168435599236
G000242955	-0.010702204425015025	-0.06842236911520778	0.022858914787667214
G000243215	-0.04182219998036474	-0.009962931527790026	-0.025762601063336166
G000245775	-0.05946775047735433	-0.18488395638011362	-0.10175024096166257
G000248095	0.025302123184114206	-0.009599799070767462	0.05063907573595035
G000262225	-0.07266564438152352	0.02314760209705297	0.05293902444385234
G000262545	-0.04080753980237556	0.04582723275861717	-0.0013897524285491883
G000265365	-0.04022122600450359	-0.004314447228554811	-0.05393811553382295
G000269565	-0.009770689996640483	-0.03349885480185451	0.01426358060546604
G000269805	0.037974066027304416	-0.014314221532463837	0.012296106710636264
G000277715	0.013885076210909012	-0.04719718622036637	0.024692826381255053
G000283495	0.030927187429342792	-0.005190342643314286	0.027649727573351882
G000285455	0.001473708211696379	0.06537581096785189	0.01730549374782417
G000296465	-0.046708861452360924	0.03326688196876332	-0.05442411819347499
G000296505	0.03803339405127555	-0.021311067844628915	0.019287658471466775
G000297775	-0.004287436743689388	-0.05240605803311862	0.009192608041286323
G000299455	0.01111686969517667	0.07274507445649768	0.008778812039332142
G000304215	0.02167353800879632	0.019700018249505274	0.030641741688985393
G000307375	-0.05667736239247923	0.010803283292600998	-0.08612283753420999
G000311845	0.03632932746238794	0.00938071469846183	-0.002190252624634191
G000311925	-0.025292069796379775	0.006631822530261541	-0.017002025980194208
G000312145	0.001691019811756271	0.07991789961861562	-0.023390782614891237
G000315485	-0.03398200922166961	0.015655003214695998	-0.07076534845572834
G000318135	0.03834982482117864	-0.04159143335130876	0.00010661454754688902
G000321165	0.0326846590932405	0.00900536844669142	-0.027802320154879368
G000321205	0.006881366189607711	-0.027001865391191038	0.009393642130901488
G000327285	0.020576748085177177	-0.010849672129622772	-0.0011972227700238868
G000337735	0.045804043576846545	-0.028971669896607783	0.02221916494344358
G000337895	0.0458782500824165	-0.028990852110871733	0.022171591886707566
G000347695	0.025874062279719078	0.013650920763753788	0.0029256229380385966
G000349975	-0.027701355662191136	0.0009858983672728168	0.0006054134210749106
G000371705	0.0459203717039995	-0.024998323100541	-0.043709412734788955
G000372405	-0.04856731618442622	0.02931251896147145	-0.0059048527494397
G000373885	0.03913737604674339	-0.026541050375096416	-0.044967529938736456
G000374405	-0.05065513037714225	0.0253244315118339	-0.003936042037431708
G000374585	-0.07520805570713857	0.008065166100715278	-0.02419470319025419
G000376885	0.030856659623100587	0.02352410841615423	0.03868890790323175
G000378745	-0.04783245435207781	0.02538536105808812	0.01275534511123531
G000381365	-0.09208720954181744	-0.039162073388525606	-0.09487418018936937
G000381725	-0.07681624914732477	-0.02164127250711861	0.06598521949468238
G000398925	0.004502746497963048	-0.07231167985827029	-0.07649717870104343
G000403295	0.0074287953549669215	-0.04402159013393273	-0.0017005873758102388
G000403455	0.007583525350692711	-0.025641322240811115	0.021266760250461116
G000411515	-0.04814511104646829	-0.0230647791760519	0.03483641003571619
G000423385	-0.0570848388659608	-0.15934584149038997	0.00355234242713558
G000425005	0.04253850889935666	-0.04296438192665271	0.0001238884747159775
G000425525	0.01642232151170427	-0.0329357821284859	0.03099999301578017
G000426565	0.017755512947939353	0.029930100086934985	0.037487286480031676
G000426585	-0.04750286634652548	0.011447768707310735	0.014575044129550628
G000427365	-0.059454146069038954	0.02044734818040502	-0.009188948661936893
G000428205	-0.005226675195500059	-0.053586146285242414	0.04890141036938083
G000428565	-0.06223835715621323	0.014606272461930565	-0.06726016603590942
G000430525	-0.05134664819243535	0.028664524031343643	-0.003096006270060727
G000431015	0.044734345316533336	0.011291938285179997	0.030343804874787574
G000431175	0.019357885359220256	-0.14355430510140035	0.011445904066962604
G000431495	-0.009614095310512523	-0.06429249744153634	0.02908085566049245
G000431575	0.016894946796903596	0.02377014201311956	0.04499972394097036
G000431915	0.038808033278882687	0.09714762460784351	-0.010314527963663852
G000431935	-0.09176766288404842	-0.029236297963511886	0.05595895018459827
G000431995	0.023379421995508055	-0.009478486722483647	0.021482373299701943
G000432435	-0.008614145487963286	0.0038862909989679515	0.032171129287360344
G000432615	-0.010617460920040945	-0.06773855640413994	0.022483680819122415
G000432935	0.03730237848193885	-0.0735998692279632	0.02687644592541796
G000433375	-0.04731269514161855	0.10391840834043942	-0.04609958346782601
G000433575	-0.04049543455960704	-0.007198862069673907	-0.01689957690515119
G000433955	-0.04161754866911953	-0.0023900063724838147	-0.09487494728874112
G000434095	-0.045353983280009925	0.0304634521996969	0.0027003639511385268
G000434515	0.013851022667827569	0.11369121557407715	0.004287461960734615
G000434535	0.04950922664580561	0.01956221584348541	-0.008896848447446908
G000434735	-0.05293795480668332	0.020196889797642233	0.013849228793478042
G000434855	-0.06298633317033384	0.028845773483051812	-0.022407811297237186
G000434955	0.005230239007857134	-0.016042621220682594	0.049715188678195084
G000434975	0.018174724401771994	0.09962915166137129	0.009392306644550851
G000435075	-0.024514545732397405	0.013660697030769194	0.028498646045815805
G000435635	-0.052333298260914436	0.03595849305279886	0.04086212436224267
G000435655	-0.018341300493581472	-0.041298422426457884	0.038249093591709055
G000435735	-0.015181128883730998	-0.019607683297905656	0.005557049023046866
G000436035	-0.02978111720301338	0.11108029086626826	-0.002616241155118689
G000436055	-0.11381546861113467	-0.02423381765044613	0.02663613798687438
G000436135	-0.0744932510019498	-0.00015160324242849253	-0.12195717848152281
G000436295	0.009533266678155461	-0.03924862840441262	0.005674868795460021
G000436435	-0.03248073134801336	0.05419534336365786	-0.07823971950083193
G000436695	-0.0236454371778579	-0.0835940176546327	0.01788141027338073
G000436795	-0.09142789973649794	0.006958667599754888	0.007768058538577452
G000436855	-0.06192112199751347	-0.006788033867035176	-0.06908880900032
G000436895	-0.04243970309068138	0.07621188078876505	-0.07447887604239443
G000436915	0.03923838578883334	0.02718754897713044	0.0349700340355433
G000437535	0.0013041599782060262	0.09902223262069396	0.027648086902695372
G000437675	-0.025506977878172334	0.09060692526019695	0.013937653547788913
G000437995	-0.059919435120224476	-0.00023426148885796394	-0.04676541628688036
G000438035	-0.07717900063432036	-0.0011735814426692501	-0.14331891471954153
G000438395	-0.09351944130800191	-0.0541643865083448	-0.1109158695451242
G000450985	0.028186243252207015	-0.017476471099142236	-0.07959731997788787
G000455445	-0.043050023122681864	0.025575153013308444	-0.005852879161478659
G000466245	0.024482665090553	-0.05649103909955739	-0.02660133192018365
G000466465	0.04821387030730071	-0.0038426727829312967	0.010462173165456336
G000466565	0.03862432148058297	-0.020796522091965444	0.008952185634883232
G000468015	0.02181492377797184	-0.01586706070893124	0.03160565701975578
G000468755	0.027700601266483833	0.027744468460697395	0.03600963198075241
G000468855	0.05717785429374415	0.0263913355101138	0.03840915924616546
G000469305	-0.013061412863942601	-0.03329271075667394	0.01596929667572674
G000469445	0.0737397977183823	0.08300923802746105	-0.049739535887786096
G000479045	-0.08893519899733154	-0.036690449284038834	0.047380508973170074
G000499785	-0.05383243856097869	0.023617367520705878	-0.0064977979016168684
G000511775	-0.07356074905209767	0.01336389062942753	0.013126772763991943
G000512915	-0.05427374208873022	0.024629078147775794	-0.01296617589508394
G000517545	-0.08075781175150169	0.01154481788067088	0.023328264018108832
G000519105	-0.06759948420894167	0.020657260172219194	-0.029227399783334666
G000524335	0.05247734543922469	0.028105991509760283	0.035343406304258994
G000526735	0.02252027947546618	-0.042972525481531694	-0.1175979200492876
G000565075	0.03465346350759658	-0.013019903067011819	0.027997109017479725
G000598465	-0.034963619710205084	0.07938249352567747	-0.022005082216437682
G000598965	-0.0342155873041375	0.07204328860373309	-0.02673410914715378
G000599385	-0.0572496662545533	0.013093380458399353	-0.0673078628561254
G000613345	-0.05073472746414073	0.03012735307842077	0.008499771740211893
G000613525	0.04625631132692166	0.0397549296956738	0.038546450430877684
G000613805	-0.06056720784759298	-0.028795541602807697	0.0240855968215751
G000613985	0.03166556804502874	0.011252153674989966	0.03260488824972134
G000614145	-0.05097734903211446	0.005648318872089541	-0.04794556940129414
G000621445	-0.07269841656015995	0.025562413180041436	0.0563498572856525
G000622245	-0.08584101766770474	-0.031098766134782647	0.05857964971584127
G000686565	-0.008491056897117601	-0.026517414782219202	-0.06804434354862154
G000691645	-0.08290459707408517	-0.020066992805552304	0.06952048869536326
G000691665	-0.07442155772245482	0.030514242996494263	0.06208305926350572
G000691685	-0.07355993150951466	0.030829662538520156	0.0622469470168894
G000691725	-0.07355993150951466	0.030829662538520156	0.0622469470168894
G000691745	-0.07423200365987088	0.030567390274975386	0.062063251137223184
G000701665	0.021428430061236008	-0.015969793570870416	0.012286702860934943
G000701705	0.01810306622228794	-0.09443288810615467	-0.0349306146134373
G000702025	0.013413367639248835	-0.01972622740009508	0.028032096697478744
G000702545	-0.016377737650007114	-0.07056724011761573	0.04579491461497838
G000723745	0.02240887709127655	0.06255227181479545	0.049535332621135075
G000737865	0.022394919634854394	0.021807044229013608	0.03069863388371994
G000741135	0.01865994218490552	0.025810772679566878	0.0102103209365132
G000741165	0.0207771462399254	0.01985937657488996	-0.056499256398810066
G000741175	0.03586872356439407	0.03557163910786996	-0.11384683369862211
G000741205	0.015906786074615084	0.02645202715157238	0.03456477432095509
G000741215	0.01780166328085321	0.03182439766754023	-0.027954684739329928
G000741255	0.023966125797692726	0.017913804082557362	0.039642268925452015
G000741285	0.02265326811460696	0.02835854731054965	0.022145328697320686
G000741525	0.022375902105799664	0.01994223595188537	0.03428190855383411
G000741575	0.021201627852522723	0.028211591471507376	0.0013641154640778215
G000741645	0.018414883921276954	0.027943921095340225	0.027544986722765265
G000741695	0.013371410131401104	0.009328338033795555	-0.1655878856580764
G000741705	0.015231818643901352	0.028182461022461493	0.04062955037146159
G000741715	0.017535509063338024	0.019022962485581385	-0.054284342562507304
G000741765	0.025179908799054716	0.023653146832184776	0.025628492180204344
G000741775	0.020805849097248582	0.02752955616249815	0.017963685361097437
G000741785	0.03071473696486278	0.0320554844303349	-0.08941044202218434
G000752675	0.06524801217426876	0.04401386805426696	0.01785494014932274
G000758925	-0.050636186776223044	0.030519640022139395	-0.004349392159179506
G000762865	-0.034914846483922964	0.03717779671101739	0.01141897193162609
G000763135	0.03537250406296017	0.00506853845490022	-0.04686385241510231
G000763765	0.04708333062098602	-0.0015858844122742233	0.01977176545867085
G000765215	0.038606088840724154	-0.014971057784714676	0.031876692364594825
G000765235	0.044961368326245706	-0.017831236333800102	-0.022255624305015383
G000767175	-0.024236084942797727	0.08039100565049641	-0.010254464651851104
G000768955	-0.058266787611896124	0.010928554485976405	0.024466533736971604
G000775615	-0.06496918272605529	-0.000267776068766453	0.0680652863649614
G000777575	0.008623357802687094	0.06695402248121157	0.03803144017756832
G000777875	0.01454393510434008	0.062337045558612574	0.04700858894969006
G000778805	0.018336442401822004	-0.03141465663549296	0.008992873556770666
G000779535	0.009599799437243026	0.07018501082160566	0.03607033004985403
G000781475	0.013323744163005951	0.07174160781929043	0.04027814980423568
G000785515	0.035770541369579835	0.031881031665821895	0.03735428269510325
G000800475	0.02200400814600243	0.033636797260556066	0.01672849524267893
G000803105	-0.05605902201683366	0.01921286698048744	0.0028255378357688074
G000813025	0.02074315353882314	-0.03648323317722422	0.02769513740621519
G000814825	0.03284990342011327	-0.0012918844484196453	-0.02159276913872488
G000821265	0.03935595206206153	0.005831038641722486	-0.02131075549182157
G000832075	0.00020942931783052006	0.016521089984905226	0.051915036079457126
G000834015	-0.003386706055804168	0.08798300177470127	0.015733822915046495
G000944155	-0.005012749405840745	-0.08657079299492065	-0.06578596788338226
G000944855	0.014615460567615814	0.08075427494758831	0.01629070411701134
G000969835	-0.042051239678957644	-0.012485058852622436	-0.007350109578358417
G000980235	0.04191695037260144	-0.01140130725993166	-0.012248296302559098
G000980375	-0.05454882117851387	-0.03076609560527564	0.04486011146505074
G000980455	-0.027680816106718867	-0.06264456386700304	0.04397347100820373
G000980495	-0.012155812549523451	-0.03437428844257059	0.023977368555293928
G000980515	0.015255247857734813	-0.03475999046211464	0.03186910740179801
G001025155	0.01969285671958744	0.031352375034346514	-0.024068475075290603
G001025175	0.019783689981697713	0.02874031769129701	-0.05014837650573573
G001042595	0.025477848622683427	0.02419175686807838	-0.0038616042030593578
G001042635	0.021183428703128494	0.030839272350450572	-0.050110674983395304
G001049915	0.04614157440707175	0.07153466333774794	0.03872974188131211
G001066585	0.0007533538821372549	0.016498512392055825	-0.006275152584397492
G001244495	0.049671840960421106	-0.0013168232486777329	-0.03460260183318468
G001244995	0.04782189068031623	0.009413835113081933	0.014348061322757897
G001262015	0.018807755780176533	0.016721247308191713	0.036631934763144774
G001263395	0.023122358373994158	0.026862869730792518	0.039386489912891086
G001275135	-0.056186898997844625	-0.004994186976412244	-0.05324809129868668
G001280875	0.02784486388612514	0.031341061984494364	0.01093624188611656
G001283625	0.014427127007134482	0.08043778140710206	0.01639438211869941
G001304875	0.05622695456940429	0.02467563479613628	0.022428530871751406
G001305115	0.021160135187608762	-0.006273208720744934	0.0020831775513300422
G001305135	0.07381302797062889	-0.07175867317817038	-0.09461752259648257
G001311035	-0.003370401550272335	-0.036780684500690226	0.02654504580193075
G001312505	0.012285277790594056	-0.03726887291557924	-0.005198377222473083
G001314975	-0.05958929543183386	0.021194462935897624	-0.06341372154313363
G001314995	-0.029501890837049776	0.060564328087701416	-0.07043746921626731
G001318345	-0.0303166870875803	0.024341465860680638	-0.045149043081977945
G001398415	0.013349577751489462	0.08493040288045497	0.02173711660126917
G001403595	-0.058382237836729925	0.0033504230143850656	0.020018031734555197
G001403635	-0.008068163796623805	-0.08390592901019671	0.027283629295037564
G001404335	0.033519493483103145	-0.02743356323863871	0.016837184541587523
G001404455	0.046650630538284735	-0.015864922521497887	0.00123835259647538
G001404695	0.043719077448810914	0.020558143121897767	-0.03936948336073963
G001405375	0.03716573589748322	-0.011821001183339947	-0.042676934864532494
G001405615	0.024186400793930977	-0.0179916408410535	-0.008486694259806978
G001406335	0.021365334014655575	-0.021342246454038462	-0.0068790336513915185
G001406695	0.00958852041259732	-0.027467764748039986	0.02324294281536083
G001417815	0.031074073239503803	0.014571784318724992	-0.14255401726025335
G001437585	0.05218067426384511	0.028054207631621135	0.035781365081377775
G001454945	0.026088839326732626	0.00039146102955760545	-0.01837758957388412
G001457795	0.047368503614433496	0.03245530443175965	0.02573521113687211
G001461035	0.042724374178511555	-0.02533490532024877	0.02236935875674869
G001481375	0.0391343948116161	0.020544074009921514	-0.07841781550349673
G001486665	0.01426348941037605	-0.03278932760184801	0.0010741098966460503
G001487125	-0.03408653474710498	0.05069045018733862	0.04636204582886423
G001494635	0.05840248008909271	0.029923032131677792	0.014198642060862193
G001552785	0.005319038703855048	-0.025900612071157354	0.024269102544835722
G001553335	0.009586707051674909	-0.03555606478341959	0.05179108101432836
G001553935	0.013067277616772845	-0.06477170517766045	0.0012980861743729344
G001584645	-0.013177546905969484	-0.010107767209646665	0.04668461238346605
G001683355	-0.003788111484895562	0.06437760150223151	0.0674682452123819
G001688625	0.027707008400809436	0.006028812467791328	-0.1514088260642129
G001688965	0.008297864320726302	-0.03965616288195341	0.009505767777677037
G001689655	-0.026007516795482587	0.05626754425262123	0.02989107239513964
G001695645	0.017342436519522487	-0.07300394173779844	0.0370238021523835
G001701255	-0.05194119634252341	0.0053549733565782034	0.022117391265948784
G001701295	-0.03989948098034949	-0.013402248607751249	0.05919187585362807
G001854465	-0.06443758644934115	-0.04743152212593687	0.03134565194026306
G001908775	0.01575217036168155	-0.0411979416159949	-0.002852662681264709
G001915415	-0.036482589290481246	0.0019510433369130684	0.009923082169469936
G001915435	-0.07116033209870277	0.015732070710104105	-0.009682566805423164
G001915455	-0.05539884533505038	0.007260020141449773	-0.05701747251389086
G001915495	-0.05901887364796824	-0.012938077247479479	-0.05219961883324362
G001915575	-0.03802305328525407	0.0019128799655249455	0.008310379199988421
G001915615	-0.0037423470540436216	0.1162602479184329	-0.01202682087180317
G001915655	-0.045566790656952204	0.0027653471326179765	0.0007554621249925474
G001915695	0.0010671098175181035	-0.06303122076153964	0.03374279072720005
G001916495	0.04052920688449347	-0.004745201262573469	0.004593833715661156
G001916615	0.014428515876506088	-0.002606647366268607	0.03443133006361567
G001916865	-0.0036521283529356028	-0.03137871590438464	0.01025070846641025
G001940165	0.04242070158682214	-0.027183484027097474	0.03589482817133519
G001940855	-0.015046886751818844	-0.03286925994624244	-0.0020023036783546914
G001940945	0.0340693590913464	-0.006112894071944774	0.016452289958476116
G001941055	-0.05561949003179636	-0.05019459718295285	0.030991297070938388
G001941065	0.018283123688643054	0.05979183492632974	0.023259702513837535
G001941125	-0.06694840067648362	-0.061863135532976905	0.053871307554668145
G001941225	-0.06974801401177352	-0.03260439550285562	0.052866206264786914
G002070005	0.04549957305323755	-0.08265438739638148	-0.06425939367210229
G002159555	-0.06406956065942361	0.03337749731256153	0.048222212971454397
G002159625	0.04841603385065254	0.018634605582724117	-0.04339476681939265
G002159645	-0.052451257635923114	0.007919680127899691	0.02058970032699691
G002159835	0.030280626239602506	-0.005187324419666519	-0.0005268155896081207
G002160015	0.020265588503748325	-0.023685501589113006	0.014264808667853847
G002160025	0.022939351229363043	-0.0009875381828265497	-0.007281560721368572
G002160065	0.0355871802340798	0.010481666792102681	-0.013214702680045773
G002160525	0.02864042905273361	-0.012796214534447006	0.021071425895465026
G002160755	0.04564256965880767	-0.013878459392048632	-0.005164964487996142
G002160895	0.06242280041298258	-0.02035184896556041	-0.049846353537425024
G002160955	0.04350457319990773	-0.0027607774820322525	0.013068627123420619
G002161065	0.03418684247837275	-0.0022047657516140956	0.008507074331268776
G002161285	0.011706307828460624	-0.009610395019520112	0.011421131493995415
G002161675	0.01573719098782964	0.002236641248703873	0.023527859107133113
G002251205	-0.021635847214207398	0.0768956002362756	-0.0037047468382374205
G002251365	-0.04383431072121279	0.04636441599132519	0.0156692426705465
G002251435	-0.047679483101476273	0.06439876385343621	0.016909459639800856
G002259605	0.021810525322423707	0.024825633256509622	0.01835732497459813
G002259685	0.016520030943797375	0.035219736178387855	-0.04363446697470429
G003014445	0.02450556774219482	-0.007718340600034733	0.020645590065480064
G003043955	0.003335217758651295	-0.021492503187127854	0.029908907114956515
G003148945	0.03751227691652416	-0.021069225554894017	-0.012571026480941945
G003150645	0.006908297886186458	-0.009135775046761158	0.02505732968492696
G003175155	0.044458357018898984	-0.028228617796237615	0.031973784001263404
G003265305	-0.04269500569305401	0.021369943187266326	0.057300410670252384
G003315635	0.01894267102301057	0.014901797993901482	0.02304616454932678
G003324125	0.04591423584822598	-0.012926816620248053	-0.04306557835857193
G003340315	0.05098577111827828	0.031356399438565614	0.026780183204958053
G003343915	-0.03974822142960051	-0.011397073534272642	0.030428294650427554
G003432035	0.041630024130541364	-0.02458776476927829	-0.0020413693774028597
G003434045	0.019230149237247807	-0.03709047526958727	0.0015770735332394964
G003435925	0.021687233975552337	-0.004761225083740708	0.020327807068862027
G003438075	0.0027363992077938317	-0.013920879884054342	0.023830660038507367
G003438995	-0.05642512962996404	-0.021792501567973997	0.014570292790148626
G003439775	0.007270071713298881	-0.0015514087108861882	0.0289347790783589
G003457795	0.01333410179542558	-0.009340259458077102	0.031926917132519814
G003458885	0.036808521578234575	-0.024083665928753037	0.017220866774273133
G003461285	0.042495033412200685	-0.011045591185228682	0.010347707583339697
G003464085	0.014656474016833407	-0.0366600795829484	0.028946450167282912
G003467845	0.05545871604146028	-0.0072488859303487295	-0.022073368166551532
G003477605	0.00988140246441391	-0.004014527690378758	0.03321345714375897
G003477885	0.033373458076976975	-0.022848935494127393	0.015302741019876376
G003478165	0.037693088638413474	-0.019347724688389478	-0.004726156229060902
G003478285	0.048512392861060384	-0.017877652572251226	-0.01966303180336262
G003478355	0.04284929307201209	-0.018930643155607507	-0.05996788929395681
G003479825	-0.06126905756675145	0.02836200694835453	-0.05783074714936199
G003479885	0.011746555439558352	-0.027510864938944425	0.016480267004458097
G003481355	0.004948929160634703	-0.020745994917694233	0.02317484553323313
G003481825	0.04746312157611554	-0.03579403529621127	-0.008903021266488237
G003481995	0.019412665863328057	-0.020546840464553903	0.008269797598658377
G003490145	0.040946507465021105	-0.02374835750639809	-0.00917767616690757
G003612315	0.04694693414688943	-0.011062489285776802	0.03132301503299352
G003725415	0.007447865817431361	-0.05060201755473393	0.02901166479302264
G003725995	0.032740522123812336	0.006019418159688699	0.02680263795960574
G003762615	-0.024956214756984292	0.023854786434657178	0.025263703317065456
G003762715	-0.02399671661672963	0.002194734977471246	0.019497497637797175
G003762745	-0.04557552157682976	0.0072883456766059136	0.005036538320100726
G003762875	-0.046196099954153705	0.005265197211713059	0.028762064903349895
G004102775	-0.005144271741310981	-0.04698657900504408	-0.02066620674474693
G004102785	-0.04958820304183231	0.005181395756919472	-0.025456735030842264
G004102805	-0.03511209062672368	0.015728528282267354	0.0013918705337807567
G004115465	-0.05971900337897173	0.035953307117169375	0.016354286207494878
G004341685	-0.02085791901303272	-0.07492656367678913	0.02648928852322445
G004552135	-0.008903919047926409	-0.0010737789947453853	0.009630830767783262
G004552795	-0.03791317927852378	0.022153932818942536	0.03322018621168635
G004553245	-0.020274552557211327	-0.005564389028209602	-0.006547567786252556
G004553345	0.01670815735747038	0.07400661523750608	0.02394746341269434
G004553485	-0.02198952222137123	0.03049293545160971	0.04983933166707349
G004553635	-0.035122839711391345	0.03958445974950452	-0.021219320144346642
G004555055	-0.02265378930840845	-0.008368865119642537	0.0066804460324455545
G004555765	0.004286893624350331	-0.021506117863232675	0.01938790289517853
G004556045	0.03364300055101904	0.03239513660190704	0.016367321063665813
G004556245	-0.04073265357061693	-0.03099488728272235	0.050343357268402285
G004556445	0.003533162408706571	-0.06702857331324018	-0.012054838186987823
G004556705	-0.026917935538014918	-0.0004981835358187671	0.021060549783537302
G004557065	-0.008392477419846648	0.03399879854860997	0.049012661906449054
G004557245	0.016058650861954456	-0.04944910217251396	0.010520412214516182
G004557415	-0.03490341340113015	0.030906093663049358	-0.017108037365810343
G004557545	-0.026175502079449613	0.023660016487953742	0.0491521357857941
G004557565	-0.00944759692257782	0.02316435603933256	0.051035548580654067
G004557655	0.03764596921887092	0.01323567112213395	0.01875535183053436
G004558425	-0.017801280500053675	-0.04922799567097268	-0.028907822465731255
G004558535	0.002474431307968873	-0.013710965065784692	0.013057932644391222
G004561075	-0.03746695887082825	0.017982016685344264	0.04818112686330426
G004561445	0.009305899552255787	0.06004470842838688	0.006875718865082884
G004561455	-0.006068559085989943	0.10053731376282311	0.009135766781661317
G004562255	-0.03302952226538952	0.0495651714509083	0.04771920174984757
G004562975	-0.004717779650517696	0.017021017000086007	0.0025173621607321793
G004563195	-0.020960290985471457	0.0821698918460304	0.003590532710064318
G004563615	-0.004542873229515351	0.011019762443750254	-0.02879495669540465
G004792655	-0.05085208419816879	0.031333898316897354	-0.015484800725754888
G004792675	-5.876984262337994e-05	-0.004193503455605082	0.02158644427148238
G004793665	0.04049689392554786	0.02817709332673024	0.007799428879273725
G004803695	-0.054083712979543966	0.026104042388431198	0.020929330034298994
G004803915	-0.017251341501294887	-0.04029536674051761	-0.00669279175592676
G005048345	0.0479143131479259	-0.009718848396820138	0.009362455852357393
G007559425	-0.03861644929368805	-0.00675578620055974	-0.005862988857357364
G007896885	-0.029770449153379917	-0.03352705092614303	0.02873479793908862
G007998125	0.012100993536028278	0.07521742331361714	0.015698351909582787
G008040105	-0.042234105299606244	-0.0585830338001762	0.051806099405235694
G008273775	0.011415927270655048	0.07246017309431549	0.00856786810124524
G008667375	-0.00597341459875018	-0.008273438741273776	-0.0037711315833288926
G008679325	-0.04725908282668172	-0.013492290576894144	-0.0065763386549406696
G008698165	0.029503544741573434	-0.01138707033762432	-0.1434047363136269
G009695875	0.0421269593934366	0.04132600347580626	0.032985696029677304
G009696045	0.04229450243523042	-0.023450850099665615	-0.02878362219850165
G009696485	0.04602519933964293	-0.01719445180229615	0.018283955631651302
G009696565	-0.04718492869337486	0.014611715118588182	0.014988728350762402
G009774865	-0.060573127233422855	0.030359851775970545	-0.013333552980382388
G009831105	0.01990767453945125	-0.025459399661943993	-0.0038750938635499577
G009917455	0.006532558653147917	-0.05671807776947702	0.027482566521303986
G009929575	-0.05011928901087217	0.02523164391713627	-0.0011590303824813197
G010367435	-0.07852870262744248	-0.022547466773237712	0.06505377510994735
G010500965	-0.025567563659060245	-0.036855944548091664	0.0354723066267429
G010537155	0.04290880848785764	-0.01770637173019666	-0.013999406388102712
G010667615	0.01910186115188115	0.02739682585520631	0.0027800912886786883
G011959405	-0.03487479072149566	-0.007823063109670066	-0.0020694086817880718
G011959465	-0.001679414951028638	-0.032692480012776484	0.023343261776302346
G011959565	0.02223552255271774	-0.033171712917157065	0.02312576663532887
G011960185	-0.04396380843819507	0.013575660786506084	-0.014818210729342501
G011960265	0.017771701009270124	-0.0075548673231507265	0.029627821377646787
G012161415	0.03766359543882424	0.008430436539415994	0.016841612574710785
G012357415	0.013600225634610196	0.07691605098886414	0.01920469338713884
G012932365	0.018017050061507285	0.02800264874245822	-0.06077330509869751
G900018345	0.016253227308012506	0.009680635450299067	0.0218597160185778
G900021155	-0.044096490976813535	0.022673713070295188	-0.006623528594712762
G900046475	0.039296507752175	0.009173413112874639	-0.0375561128526019
G900066095	0.007383501556080963	-0.04308687773609724	-0.010081669819373055
G900066135	0.025430437740187824	-0.021695415671462614	-0.019142304642004098
G900066155	0.011203110154320304	0.07673580362931164	0.02425896166151104
G900066255	0.033398308376703434	-0.028218335007399925	0.004928853820580857
G900066395	0.02121528191524867	-0.014730253629800986	0.03251948053290821
G900066445	-0.07655366509592916	-0.0046971842113514	-0.021161629987706904
G900066505	0.03875491640685391	-0.01839968338148553	-0.007496772388650577
G900066525	0.04679940184328336	-0.012288033088023153	-0.04410436600135503
G900066545	0.02841878115624777	-0.041854498377329845	0.006263369224131634
G900066655	-0.05932349853556212	-0.010756573640034154	-0.06911960081655594
G900066885	0.050056307602248086	-0.007122680994436276	0.019452535080171078
G900079775	-0.04270327266550847	0.04817467411782986	-0.05732252805074251
G900086585	0.051071266296871164	0.004080408790224016	-0.050424594078934785
G900091655	-0.05505793072037513	0.0017960430910877023	-0.03461152389800166
G900091675	-0.006863984480020286	-0.0035145698995155974	0.032982399051022626
G900094885	0.021756607673549606	0.01943126002827304	0.0381600403641357
G900095865	0.03670611134527753	-0.02992539382376305	0.03165112631647506
G900100685	0.00903011504720403	-0.04483747645825165	0.03745946294405833
G900101655	0.05484421435326712	0.019422483060934328	0.011744956038073504
G900103425	0.010858485403998844	0.12105742608708903	0.023206481879970205
G900104585	-0.055915002476159444	-0.027396952400227836	0.06338092779976003
G900104605	-0.05668501157859342	-0.01926462480798953	0.04068937677392955
G900104615	0.017387133739704148	0.022169124894454783	-0.061196838203386
G900104675	0.021998010959669308	-0.014787178378088368	-0.015227213616134551
G900106785	-0.03559108959904808	0.06215437546459616	-0.060222577616489505
G900106855	0.035726283802289906	-0.012247559720188513	0.013475772271690603
G900108345	-0.059059229170888516	0.038552359810888844	-0.05735184226561436
G900108495	0.05314406746864504	0.015279826017487539	0.03537075041883929
G900108895	0.006508484325345542	-0.04790408155628786	0.036132522297291705
G900111255	0.05221157418169923	0.016521332894732964	0.0362076724660615
G900113155	0.0391320474598158	-0.009293217147066634	0.01464249316357082
G900115855	0.014186493517633961	-0.03325505768023973	0.023413174468026435
G900116045	0.030293164877248424	0.018927651780504002	-0.0905195559433496
G900119895	0.034540728965957564	0.011849954545934687	-0.041957524663079865
G900120005	0.010495414985213593	-0.027401986871440204	0.022419983208663653
G900128475	-0.04841499976994585	0.012607536737406059	-0.09412890357126515
G900128485	-0.061241946229252935	0.025233512114587558	-0.02850642778103132
G900128905	-0.0236204782996815	-0.04394313549007409	0.03189031347446705
G900129135	0.05448965384313443	-0.0058835698899050775	0.025422382670983488
G900142165	0.007510749816180206	-0.026338203934966876	0.016359236801174334
G900142265	0.06613990418730459	-0.01665991382561679	-0.03907297000948345
G900142485	-0.015450706436089258	0.03082507810767221	0.034673030040839624
G900143685	0.04006539170125863	0.01776657106207442	-0.04538454715845869
G900148495	0.03964089257394652	-0.043443304998030896	-0.008479817361850047
G900155395	0.04156418095462542	-0.01131745312322197	0.02505972769927867
G900155635	0.05000436910322542	0.01509072070694761	0.01939929123342639
G900167275	-0.08060236237143986	0.021495762341092198	0.04878145931183974
G900169485	0.0333109261919727	-0.02805096362581236	0.027459752977001706
G900169495	0.048279925870558994	-0.002290601593329699	0.015508528512529755
G900169975	0.04258803691214256	-0.000638817760191168	-0.03856047497225079
G900176655	0.037671971351126474	0.0104630979251243	-0.03402079724144116
G900199495	0.03174567729853914	-0.022204579665136337	-0.03505650062152838
G900199515	0.046581712759207736	0.0074980601629350265	0.023340363841495633
G900227605	-0.009873239565256615	0.013174802762900097	0.03576599928707648
G900240225	-0.06389004962740755	0.01787411559421369	0.000868983394592094
G900248245	0.01711630775569197	-0.020556851157134053	0.031968771812435584
G900291465	-0.06893708468882155	-0.002799152368915535	-0.01569292740562191
G900292045	-0.02185756747182121	-0.0074515681598396645	0.04308104605444245
G900312975	0.04021712839639584	-0.00851167113418512	0.008101965901329519
G900445225	-0.05018467121341356	-0.05812693155348642	0.02577245037370713
G900538745	-0.03741501386256135	0.056142853507013084	0.03977719002483985
G900538815	0.023380218985861304	-0.011219536152967249	0.0396492049337468
G900539795	-0.0007772273416989955	0.08889708088597997	-0.013176020522897378
G900540205	-0.019387809250374373	-0.03253034483372773	0.03959355408143803
G900540535	-0.05040968915877837	-0.038864140290911314	0.04572423081545009
G900541615	-0.003268919007867292	-0.04785733433351851	0.0355483732863966
G900541935	-0.05800328043738648	0.016881376032460045	-0.0018871783598938317
G900542815	-0.007073084728818951	0.015241176520324015	0.031477195981866504
G900543375	-0.04085286082761113	0.005260947700670146	0.01627978877453894
G900544565	0.0067149769300336596	0.04994928238663823	0.06553382557272114
G900545025	-0.028663328570824032	-0.04759316504004633	-0.010603408989463606
G900545235	0.03922604823408352	0.02475018340305716	0.04364983516913682
G900545585	0.0265392282590485	0.013942059574263947	0.012579115818460935
G900548875	-0.07778612447429264	0.007813405130986733	0.0022723881596144542
G900551515	-0.06645009358780296	0.031790693386708854	0.04285026760518908
G900552255	-0.03228830139022397	-0.03224217751935574	0.04289108870501386
G900552655	-0.022311936486291137	-0.13135140125783998	-0.004956213664395154
G900552765	-0.05460700496125489	-0.025889333045812438	0.05303474141102843
G900553625	-0.06287753463286287	-0.017771051775802283	0.045120870902765176
G900604335	0.04286172244565774	-0.012618033588098196	0.006286765141728403
G900604355	0.050004814947882656	-0.0568258250295428	-0.047916919350730516
G900606105	0.04670142590787342	0.013164625454474839	-0.04927832742339535
G900683765	0.004525389573471161	-0.03971518853224056	-0.011906406286280233
G901212675	0.041384429057410216	0.048219450058115954	-0.031510174252785544
G902167945	0.04651933709465138	-0.0020375278457866407	-0.0008892658187355607
G902167965	0.04085857363680349	-0.031155237359394745	-0.021424848887307283
G902363025	0.04297446256670789	-0.008098080467356604	-0.062035064273018484
G902363055	0.03551867357603438	0.0059666008934376345	-0.005987477018063338
G902363075	0.04974493691977805	-0.004151967125400535	-0.030134138707123313
G902363425	-0.04285299966743668	0.015842195578184212	0.011588381382364857
G902363555	0.04919719291109341	-0.010270365241019184	-0.007733681176491254
G902363565	0.04417227278936285	-0.009549944191433811	-0.02664467745673367
G902363595	0.03361977303462706	-0.017965693463586164	0.02235479773906737
G902363685	0.029519890133901425	-0.026528873777483888	-0.0048044720508705
G902363725	0.026662478406744582	-0.054044124050392287	-0.0014596473156431387
G902363825	0.0430480230617021	-0.02356214687022671	0.028487251972228962
G902364485	0.034002316619474206	-0.024282405008808364	-0.013991549125945
G902377395	0.016982870345676672	-0.035590784344304294	0.030888928042175506
G902385285	-0.04849162066583844	0.026067143302791546	-0.05972661507083529
G902387315	0.06066165485653434	0.05602846896273189	-0.0898614159640692
G902501965	0.04057274929240344	0.008758394066121136	-0.04604691734112725
G902777695	-0.018374837673490046	0.025328115976753364	0.05127633255850626

Site	8	3
14577.AB.TP1	-0.3666854398563236	-0.31493948918353987	-0.2907953760190418
14577.AB.TP2	0.371462056150435	-0.6276221168110404	-0.3201624951804484
14577.AB.TP9	0.12375633509865311	0.3442820964050535	-0.3237873677993531
14577.AB.TP8	0.10740043958542078	0.5058450259901376	-0.14295272267646666
14577.AB.TP7	0.09498567301746492	0.3319607617278361	0.010267365192107691
14577.AB.TP6	0.5446692809430614	-0.12060876342505239	0.5954105854274965
14577.AB.TP3	-0.3613322029688107	-0.04103139149332763	-0.09688611644798917
14577.AB.TP4	-0.5142561419699015	-0.07788612321006749	0.5689061275036935

Biplot	0	0

Site constraints	0	0
