Eigvals	3
43.49907628114942	33.91946326108642	2.2100261731303155

Proportion explained	3
0.6208753347184184	0.3775220134954875	0.0016026517860941274

Species	493	3
G000006925	-0.0733996967572155	-0.19377653312442478	0.02257613316467918
G000007145	-0.012567325137844084	-0.05448956976338934	-0.02173322855843274
G000007525	-0.0009520704517635715	0.033753830795119226	0.08502187831877042
G000008865	-0.07267551146187776	-0.19626000071778626	0.025080004916493155
G000009925	0.0388172066294833	-0.012090719107682358	0.09354733648685087
G000010425	0.012912143868907404	0.035847596287052884	0.07540552808186421
G000011065	0.026178454010352487	-0.008150532783494624	0.0723900604865973
G000012005	-0.07146376861987137	-0.19042756526898008	0.01894561329159221
G000012825	0.07288501261535185	-0.009044444253630645	0.14633360737172307
G000012845	0.07623135428839277	-0.03868843238020833	0.06379377983732332
G000020605	0.05122079533425331	0.01524889801154336	-0.014425184887570133
G000022965	-0.04718613175718332	0.03737263865343167	-0.013453519785418939
G000025205	-0.03974785323353192	0.03880983592324579	-0.026789004939784592
G000025305	-0.03511660195403904	-0.01732398968137082	-0.017816491228176835
G000025565	-0.032222436301837284	0.02642110605967292	-0.01606633291728481
G000025925	-0.025734198191524095	-0.0012888534382120332	-0.030527183590009402
G000026325	-0.07031446749829155	-0.1955640923223971	0.02533059533298417
G000026345	-0.07170300522816894	-0.19331196068848872	0.022157513898099657
G000144405	-0.057422381745447934	0.019093894298046386	-0.0010178018032903778
G000144625	-0.003677054067523729	0.033174718726840184	-0.02145251800102639
G000146675	0.02429183518167999	-0.013729505550387275	-0.02201645639309136
G000153905	0.007316037910479167	0.024000542053118964	-0.02569423314704523
G000154065	0.004669990849866572	0.01871325969407725	-0.043655204615599914
G000154205	0.02906154871118797	0.0220871072068572	0.1461412957006245
G000154245	-0.007270906048030625	-0.008995645541010735	-0.028153539883311086
G000154285	-0.003498074878795258	-0.013080154284561201	-0.03403831586854532
G000154465	0.030945507437713262	-0.030355442178065073	0.06182214799945724
G000154525	0.09050024800154907	-0.005388044812338626	0.10743136730325331
G000154565	0.003967654217320552	-0.00699605659472628	0.01758697478104941
G000154845	0.1081543762166074	-0.020507800374750706	0.08260070039939911
G000155435	-0.00013462378732625533	-0.010391750626481807	-0.012633041712780442
G000155875	0.006183471422673691	0.021775562682764316	-0.027583773207808977
G000156035	-0.011202485951264654	0.022400737168591665	0.01128366708299867
G000156055	-0.020914010921511725	0.02186805735326184	0.06391831465624076
G000156175	-0.010597519142363442	0.05162317188070031	0.02586371232968334
G000156215	-0.01651919470909649	0.0482653670586774	0.04153350021423999
G000156535	-0.0057183387184242505	0.07172021910440758	-0.023011373758680148
G000156655	0.07342962371681495	0.0700924135965928	-0.03620062750209692
G000156675	-0.018691261318603592	-0.0029966412048157568	-0.005448288045080127
G000157915	0.04759129626944937	-0.01325884794824887	0.09377662839773176
G000157935	-0.07525376074356824	0.030102977158102746	0.19643027987644537
G000157955	-0.008222512145725945	0.019047183927374898	-0.013413572728588062
G000157995	-0.0022608396781802625	-0.01284384514721841	-0.011348205602448954
G000158075	0.020382780030784396	-0.014686271410111484	-0.055332303740354014
G000158195	0.08047507670491783	0.03474051468067355	-0.02643405836005306
G000158315	0.0663538912898087	0.04972304064411855	-0.030391146587991233
G000158655	-0.022097817564232777	0.036085119159322394	-0.030961538876870635
G000159055	-0.018812993901768386	0.013618468620639397	0.014005540937993225
G000159075	0.029293852115385235	-0.005348900383945666	0.07479312973510788
G000159155	-0.04937998429796471	0.03984116540041905	-0.04459937323070228
G000159995	0.013703573289349614	-0.044740767722298846	-0.0032864764307154242
G000160095	-0.005060712783136778	-0.01248712258471245	-0.0089943277861374
G000160535	0.026563035757654837	-0.014406972300729792	-0.04346354801611409
G000160655	0.0012186750248142462	0.03711984673519057	-0.02825165704438387
G000162015	0.013193705543749806	0.016821592872255868	0.033752292170423005
G000165735	-0.05471947968531212	-0.00248655838532114	-0.043768025580721216
G000165905	-0.042403862989291385	0.03636015353679785	0.06287334186829277
G000169035	-0.016759060781806757	0.049356625979214544	0.05212310661522522
G000169235	0.004549686291711846	0.018094365555511072	-0.011419375139324683
G000169255	0.0048857517560534245	0.0002302187530607042	-0.015239045382872095
G000174195	0.0035397771249390817	0.016247724726835857	-0.005193989581322138
G000174395	0.06290535567959323	0.040366172660463905	-0.04657174272415023
G000177015	0.0010891904142488003	-0.009027100291269177	0.017855591825256138
G000177075	0.029316398013992714	-0.02220598449956018	0.0071806604763453566
G000177555	-0.04767336955069074	0.0017880222138115698	-0.029159175454127165
G000179055	-0.028331526741449297	0.004764877407356586	-0.024077948058455798
G000183345	-0.07498405066973587	-0.19521063517291046	0.021145285415091874
G000185845	-0.011340241118881236	-0.005068119452672145	-0.004281106715404331
G000187895	0.13638016689335544	-0.043058518893158704	0.11307314201340181
G000188175	0.0140310278383641	-0.02075546930714002	-0.008444600661453553
G000188195	0.040657857399073155	-0.07514085296550158	-0.06384756868773221
G000189595	-0.014571710676412837	0.013277916801586114	-0.019862570483114458
G000190535	0.045843770329091905	0.004300659944622907	0.010565886376776789
G000190575	0.05950638137452574	-0.02874929434700247	0.02135217545969985
G000191065	-0.005172131352904841	-0.007205969002460661	-0.00887072837763936
G000193395	-0.02326666314167924	-0.0029558998867477517	-0.03698147688942761
G000195315	-0.02704382802968817	0.050614636398156145	-0.03774728180236538
G000195635	0.05029089323347266	8.292469306987708e-05	0.04835571957589259
G000195995	-0.0966467442674228	-0.04018144186499231	-0.038939877293035934
G000205165	0.04560211314585666	-0.02215858676301988	0.07187666677183918
G000210055	-0.019450802673554275	0.05097832459200159	0.02233455935317015
G000210575	0.022339577277150118	0.010756016928807904	0.07832210085173444
G000210615	-0.002064277601919747	0.0025008902576185176	-0.04214193191662749
G000210635	0.019696908298612596	0.03845784183306346	-0.047950777517054205
G000215745	-0.026079193076017557	0.038919612385327366	-0.029333486208980585
G000218235	-0.007029203977569212	-0.011399059507242735	-0.03265818923385727
G000220255	-0.0036119801721980426	-0.012988134784842805	-0.030124981151028025
G000221545	-0.05481039827757514	-0.0020051069416881233	-0.04049234097488375
G000225345	-0.005331631499614866	0.009760843427739503	-0.014301469428287309
G000225705	-0.019036018007924652	0.05267228947778412	0.008864400810463559
G000233455	-0.004593306409739466	-0.01094379844830066	0.00018602352796451055
G000233535	0.007912411160390442	0.04308230642463429	-0.02745749864362875
G000235885	0.026316539584739427	-0.009806210424838351	0.09040543340821988
G000236865	-0.01932496545369502	0.05379150307069965	0.03955210124433509
G000238215	0.03782298275861394	-0.011969085838476333	-0.046740702834805824
G000239695	-0.020998861384846575	0.03670828349413017	-0.021248682074854752
G000240185	0.004637121182747829	0.008730213513751264	0.037432220763053276
G000242335	-0.05061785703422935	0.01850889728985761	0.012890552730606306
G000243215	0.05121819802868362	-0.022012839871188534	-0.0086591892598711
G000245775	-0.02955758415714085	-0.0486246213799599	0.0280161803808357
G000250875	0.029351483305364575	-0.037823213526966236	-0.04101224621197513
G000261025	-0.03647277088701698	0.00487416298200334	-0.04523637229894504
G000262545	-0.010924679750803235	-0.0054629467290427695	0.03158611955678011
G000265365	0.059163010932817436	-0.008628181482160328	0.037920022834724114
G000270285	-0.0379746786197486	0.05092774515483303	-0.04314397188277757
G000283495	-0.03388923182704644	0.010138968110796783	0.003982893663263977
G000285455	-0.002061628754528974	0.02521825123826317	-0.023959689715432293
G000296465	0.08020189690080759	-0.007095141577058401	0.06578605999579541
G000296505	-0.02459258486054833	0.05011235345580531	-0.032291573912401644
G000297775	0.03810601605464729	-0.03312559458929715	-0.04492015233399086
G000299455	-0.08611808674281377	-0.11719201574533546	0.05634636492943111
G000304215	-0.0390387470493904	0.05339554132016282	-0.028153937848274246
G000307375	0.042048778625979055	-0.005498686896419274	0.10166210827153081
G000311845	-0.006356009016259488	0.04888433590420784	-0.02122360809339349
G000311925	0.03541466564529968	-0.012740483694189389	0.0010111831059186052
G000312145	0.013116775640836804	0.019495100869578695	0.028748634403004337
G000315485	0.04826579523410511	-0.010205034258127013	0.05502032440236369
G000321165	-0.012369913429949331	0.0493463714959988	0.004186846208354302
G000321205	0.07282075090299965	-0.033229978741026095	-0.06953450839050997
G000327285	-0.008522661696438397	-0.006854145086710906	-0.028038462601250626
G000347695	-0.0461264280002226	0.0345231030267098	0.0046191413424488
G000371705	-0.0025049015318373735	0.00871521636132822	0.0039774597085388465
G000372405	0.005950832610122887	-0.002340562090558624	0.014120989264498085
G000373885	-0.07281432584489052	0.04617076900928452	0.010302434274538396
G000374405	0.008549880864618872	-0.0064888470849209685	0.0072287378410180415
G000374585	0.07282786795031401	-0.0207770650537665	0.03155460360407147
G000376885	-0.04638806695150593	0.04178050052108063	-0.024216926784880768
G000378745	0.006348386407773634	-0.004553000310496791	-0.006000590514439608
G000379965	-0.01785363240612524	-0.003439974057064356	-0.017794943106050426
G000381365	0.09480944704603271	-0.03510238920530524	0.03281197039172955
G000398925	0.008551534592835855	0.012516135664746289	0.06509257763923926
G000403295	0.021576772918786662	0.04637322977227334	-0.03758934814547906
G000411515	0.028714992827534	-0.043729267964294175	-0.034949133397083734
G000423385	-0.026649037409285304	-0.03869292208949167	-0.0636002602857452
G000424185	-0.03718647036244654	0.003955100196031141	-0.04906755970744381
G000426565	-0.05980235690484438	0.009222340309460106	-0.0029721735035947313
G000426585	0.029191151221854603	-0.029902399338682897	-0.009381548781260822
G000427365	0.013867003735484135	-0.007705691394803363	0.01042342823061247
G000428565	0.05250508382343417	-0.010454776122658483	0.08294575753374443
G000430525	0.009001984643107662	-0.006359924290903575	0.010749465921504843
G000431015	-0.013422548359593172	0.001746846844580106	-0.016099990789295984
G000431495	0.05455552025910755	0.07301287705956797	-0.03480189134197157
G000431915	-0.07991086301750318	0.035878574741123215	0.07893652902629358
G000431935	0.10513929045825451	-0.028963617807691574	-0.06399807991211041
G000432615	0.024281712314984202	-0.035844808465046715	-0.05139523264045802
G000433375	0.013053932813194462	0.006971827598570677	0.06280639781142645
G000433575	0.0762615190231799	-0.002888712097716273	-0.021174653096063166
G000433955	0.036729984552979336	-0.009753679451892018	0.09631845880772948
G000434095	0.011678622024382874	-0.00631398913857416	-0.01117199178481302
G000434475	0.057452485402621406	0.025473484437186875	-0.055934466058117055
G000434515	-0.08786030332067987	0.03658157540430473	0.07585863447708366
G000434535	0.02269950014958476	0.04977677761648295	0.006184592574605119
G000434735	0.04798635700002798	-0.009215837563832305	-0.017505842434907395
G000434855	-0.0053699254029335305	-0.11526301496011823	0.022057338234050088
G000434975	-0.037494689662106825	0.013254954803995241	0.05779887444996568
G000435075	-0.01826186245550761	-0.01146519473687753	-0.011281409961665047
G000435635	0.06338113823950889	-0.016754348526604363	-0.017600023980916767
G000435735	0.039262933016623876	-0.00654053915207716	-0.017748248748810033
G000436035	-0.022282242934693844	0.003981836539924644	0.07042969720857528
G000436055	0.12323820351108165	-0.09446521533602949	-0.032023495476968984
G000436135	0.08219201564827884	-0.012253286545643224	0.11679976069124956
G000436295	0.019808631888307806	-0.015388175910630483	-0.027783955996934503
G000436435	0.03765513303009697	-0.007400508176755756	0.08676271401607667
G000436795	0.1318448468910178	-0.03543526121902379	-0.04960671531576859
G000436855	0.0798828440011755	-0.056666091140768135	0.03527747221329301
G000436895	0.08507012338901958	-0.01700818884211815	0.0716145590699281
G000436915	-0.05557947827893151	0.03047011838240807	0.004359981780121299
G000437535	-0.02309169230603185	-0.002608869608138125	0.02688587551238749
G000437675	-0.03974622435520058	0.009414134474217083	0.04672520220039564
G000437995	0.034029543419775064	-0.0030127825457556935	0.005974830474134529
G000438035	0.07499499128264753	-0.009265059465654847	0.13907359060791138
G000438395	0.09840779457738941	-0.05374886579466577	0.035291295833186735
G000450985	-0.01356740013709513	0.05011964295162852	0.050164342200652155
G000455225	-0.056465275912293125	-0.007852040462419422	-0.02903060165543716
G000455445	0.006835995886901664	-0.034197857178995976	0.023636259067360863
G000466465	-0.021612145749499226	0.00899214801885281	-0.0307238817877923
G000466565	0.014608806166642178	0.0383513355257918	-0.034245878461810354
G000468855	-0.010697954709180564	0.04441303639633536	-0.040794665015682706
G000469445	-0.015080225686236506	0.04382592001148925	0.05179761130257009
G000478965	-0.060427703862401566	-0.007471854202435073	-0.046575221310933924
G000499785	0.01457363998947709	-0.007651093445015904	0.009416392679141681
G000511775	0.06285300840572484	-0.016531067098041932	-0.004516118907452401
G000512915	0.036130744617651284	-0.011386137373674566	0.023295315784848426
G000517545	0.08594000876918045	-0.0400551669086892	-0.03650221127651043
G000519105	0.08695788767114858	-0.005823761003182477	0.020795473138265033
G000526735	0.0022467036932247706	0.04163701265873185	0.0830300904106472
G000565075	-0.013863587454697502	0.03638880415209224	-0.027349204981069634
G000585355	-0.021192566985775298	-0.006701109977448794	-0.017393140349946615
G000598465	0.01604126135082794	0.010273035594418892	0.05652214313291627
G000598965	0.017665089049808222	0.009792508262902832	0.057030712402707726
G000599385	0.046077829794315246	-0.007268237715084269	0.07688730943726156
G000613345	0.013550193149907689	-0.01282228722182486	0.00025921388750917536
G000613525	-0.059418285197189315	0.009732694964458062	0.002244484708334659
G000613785	-0.036716613139877965	0.00745168346791996	-0.013674538082998199
G000613805	0.0862775437520125	-0.007029714070511414	-0.05022240880306716
G000613925	-0.01623527981535288	0.0007782615991424594	-0.01203925739930293
G000613985	-0.018664064052084813	-0.005054868332824241	-0.012149210181688581
G000614145	0.055726606854092635	-0.009185112478244852	0.03890932688885984
G000614205	-0.020875560339917037	-0.0026678042410497775	-0.0463224918788195
G000648515	-0.110570166613423	-0.0398234228464059	-0.02994577455494578
G000688375	0.005356464843942104	-0.02115840835428454	-0.03549320672061104
G000694955	-0.037791390690438666	0.030457463991904368	-0.008972749416016054
G000702025	0.011501143315217231	0.05015612185351961	-0.036183850942198954
G000737865	-0.04100827222709586	0.04329895116736718	-0.027924620985783837
G000738005	-0.042784493706388815	0.05020622901484019	-0.042209606251067656
G000741135	-0.05162653742572206	0.038459857943166954	0.0046424636528919335
G000741165	-0.0501933929176024	0.04082208101487723	0.07686095702572794
G000741175	-0.060174072895053415	0.08888259870424829	0.19430593707238505
G000741205	-0.04639190128074987	0.04638681258096906	-0.025635495630164776
G000741215	-0.04873779038624539	0.05244463591891003	0.03850026717615561
G000741255	-0.0413634391183042	0.053872185898074715	-0.02676219539433098
G000741285	-0.04843006702397907	0.04301126044824608	-0.015906664264966862
G000741525	-0.043061449143368465	0.04448480796987958	-0.028431750352503133
G000741575	-0.051114915210830746	0.028847081452216684	0.006936664249613345
G000741645	-0.047034627297859094	0.05777868335041355	-0.015227617927665731
G000741695	-0.02651910017443901	0.03354789201066956	0.16139197311612186
G000741705	-0.038887839539488635	0.055585706537981554	-0.03481273102873094
G000741715	-0.03455475216757506	0.041686015103071725	0.06047344865946599
G000741765	-0.041655409341952436	0.04497553174736361	-0.029329938837427745
G000741775	-0.04746666584089473	0.04217302754917718	-0.014540476187914951
G000741785	-0.0626326718636997	0.023944752338140217	0.13528035819485734
G000752675	0.019553540925498658	0.051126611247316656	-0.0053946183569406145
G000758925	-0.0007680184732927379	0.0014526775146084011	0.019878540647914333
G000762865	-0.001122754584018449	-0.009716554675871977	0.021749224905020324
G000763135	0.016566521027788533	0.054580028403938496	-0.030446251466119505
G000765235	0.0054910646413459	0.02084137063001598	0.010481336564431749
G000767175	-0.006835799839972341	0.01871255193142256	0.0695821278625858
G000768955	0.035277309335731206	-0.006006410077503511	-0.0233859658530912
G000777575	-0.09386902570770135	-0.09556643471513535	0.02922924941549349
G000777875	-0.09109414148171509	-0.0883890951588007	0.021164387530284573
G000778805	-0.09001560233984057	-0.07806014532729343	0.013475369961888166
G000779535	-0.08713909492063367	-0.09638931135862122	0.03282535189005066
G000781475	-0.07812077341775196	-0.16347110053756342	0.00858088187923008
G000800475	-0.03413407815186856	0.035792394671378264	-0.0052922495053548116
G000803105	0.039962665361363725	-0.005887131586510764	0.001963643194065032
G000814825	-0.0410636115051629	0.043952158915313136	0.010656661118085272
G000821265	-0.013397225177934135	0.04767902179677581	0.005341727961680289
G000834015	-0.029945608886313996	0.006889740851769953	0.035687288757991265
G000944155	-0.02698877248605597	0.023687917696684664	-0.03966662362344631
G000944855	-0.07032337961673403	-0.19655452540966567	0.026851402880168518
G000969835	0.05001683715835346	-0.012172267537526085	-0.01083979872473134
G000980235	0.004682480318975792	0.030577866211572217	-0.02093439313628274
G000980375	0.06820384624473326	-0.003304745232519842	-0.056441986930373
G001022135	-0.05962234736684404	-0.013664505117409386	-0.050052293644856194
G001022195	-0.047278194805269125	0.015889592296791162	-0.027066674092191535
G001025155	-0.03148171650239989	0.03939843054351204	0.03847922085970704
G001025175	-0.022086475670305507	0.035808831351361425	0.058509894046829096
G001042595	-0.03446569363816691	0.03991430018440503	0.017488655869129236
G001042635	-0.049858544247018695	0.03995187798458438	0.06942666040994541
G001042695	-0.04670845632774578	0.042595554710179284	-0.04741536484435672
G001045675	-0.059347589293789374	0.00022079149458133004	-0.025957890381998708
G001049915	-0.031046665706342114	-0.050226072977145236	-0.06665258092678525
G001066585	0.049261845058923545	0.06941855442929788	0.023616811618939103
G001244495	-0.013271734586112891	0.026273260977848968	-0.0012999326484038122
G001244995	-0.0023772578704973854	0.018458884518568093	-0.04128748808834605
G001262015	-0.04168234111637728	0.00881250585656674	-0.008403999873091761
G001263395	-0.04158050964272259	0.0451954257721356	-0.03547225308657365
G001275135	0.06287254610765676	-0.029220665330049505	0.04054804107178631
G001280875	-0.039169213167311416	-0.016110607429460067	-0.04620215157814708
G001283625	-0.07055720455165478	-0.19606416589155604	0.02660590790264326
G001294745	-0.004356346977966686	-0.023526786495641848	-0.033500932239724834
G001304875	-0.020332473948709746	0.034252622198136684	-0.042077750780702416
G001305115	-0.010356147900557522	0.01245897596737037	-0.028863918988695624
G001305135	0.012439561695528904	0.063771821103875	0.017276247722268268
G001308145	-0.0595315156211499	0.10990229314676465	-0.015193300027152376
G001312505	0.010574695372169915	0.019774358614559975	-0.028173572127386876
G001314975	0.03279548664497577	-2.2144223849538783e-05	0.050687454726791814
G001314995	0.03338828618090621	-0.0039585560559325635	0.084679654628559
G001318345	0.04994002174005164	-0.007650484154901884	0.03890599280797816
G001398415	-0.03623574005092841	-0.007249570267438819	0.01849469649123311
G001403595	0.0664599258076494	-0.02359782681314666	-0.032342415663501975
G001404455	0.014590149056324097	0.039936193903188005	-0.01817123261585839
G001404695	-0.023010407420342327	0.05052391289474067	0.05225021977303911
G001405375	0.017974346849812504	0.03584694447330732	0.022669246534740055
G001405615	0.005062552247928977	0.00516825149238587	-0.01929182701984224
G001406335	-0.00014128358324752704	0.018049770726611566	-0.021712316523619813
G001417815	-0.06705229759849618	0.017059450431411886	0.1852230659007335
G001444445	-0.0138848861676442	-0.008398066582108654	-0.02687186708623682
G001454945	-0.007918612975638376	0.03745937736416134	-0.01981030872810308
G001457795	-0.017708536836541985	0.027460693958819053	-0.03672333651510486
G001481375	-0.011056089137025785	0.024974831638714418	-0.008781725898865595
G001486445	-0.02435012117431418	0.05148993319925801	-0.03917131707575161
G001486665	-0.017340400691965394	0.027960125328325227	-0.03272403778323249
G001487125	0.0664515621224107	-0.012013366040220732	-0.050551269167498004
G001494635	0.011751648398321114	0.044851288297144756	-0.01615882849355417
G001512635	-0.043640422199532486	0.055817560857404976	-0.039486050649507116
G001543405	-0.029040137190367972	0.008681997485039561	-0.025862073432094155
G001552785	-0.025039082096744568	0.041446868148164596	-0.024318707761810048
G001558935	-0.06308522918003484	-0.00880870008566083	-0.03737107109564772
G001571285	-0.07969752258827476	-0.01843825812541396	-0.04625875117476674
G001584645	-0.032158688731786955	-0.03975492731805154	-0.04487792322238361
G001643775	-0.04379618371941784	0.06315479685390403	-0.04975175007488973
G001683355	-0.024819153472659665	-0.0007432281183955231	-0.010231069531517345
G001688625	-0.009859086003782052	0.03891398333143327	0.1171481802066009
G001689655	0.03935922800740381	-0.04113534428939142	-0.02361720058983784
G001701255	0.09663144814806995	-0.01822835978823845	-0.041640663986339393
G001719865	-0.11075259486299649	-0.04131924143222796	-0.05506148826302653
G001855385	-0.11068838984551208	-0.042306765279118905	-0.05590085028097285
G001915415	0.06333048539330016	-0.02066577027478505	-0.030750705284909415
G001915435	0.06846288739292807	-0.0006461238913935079	0.014691848943320733
G001915455	0.05637189664501742	0.011859592974428951	0.05483051764655501
G001915495	0.08265734473011342	-0.0635652555303848	0.009032695271834456
G001915575	0.04828032737180348	0.008592501580645883	-0.006252023615399548
G001915615	0.08357194341107566	-0.12075040801206902	-0.05989731262108082
G001915655	0.043418613635736326	-0.02505388472766124	0.0038883576992020975
G001916615	0.028419216121425672	-0.03626783155998523	-0.04689553100057064
G001916865	0.020449877567655088	-0.020210902006899914	-0.02281465200689124
G001940855	0.06110074878388041	-0.012737983381700244	-0.0378915381026399
G001941055	-0.010413785788979881	-0.13180163222279645	-0.05576467804460277
G001941065	0.021207005121681805	0.018437679430257044	-0.034412557469750193
G002032965	-0.09595701525257402	-0.04205152439922282	-0.04267487747016185
G002159555	0.05379511446822442	-0.013078261870354036	-0.03060014050251167
G002159625	0.015259677732113097	0.03586226854857109	0.013131032205211824
G002159645	0.04713604875941904	-0.0036232294258331734	-0.010501775704331225
G002159835	-0.007971520676452215	0.03114695642660339	-0.039691427579807204
G002160025	-0.008063316340996196	0.029296093754941747	-0.028882768568138182
G002160065	-0.014528917179552991	0.05300464678453441	-0.014457253339464501
G002160755	-0.008543636554430445	0.02196951970223475	-0.027467178774154527
G002160895	-0.019137995925725904	0.016711253542965796	0.02420164115740781
G002160955	-0.023695463188002325	-0.009514580106827871	-0.03635142433065894
G002161065	0.019348341259240714	0.03301664933685765	-0.0274560639232302
G002251205	-0.014804534847417965	-0.007617700880946725	0.06971046222223165
G002251365	0.023139108691305667	-0.013245744571582672	0.032868430542613666
G002251435	0.014902752392488923	-0.004893429615023609	0.029983868563821472
G002259605	-0.049971030207517794	0.03263472314668507	-0.010201079603752633
G002259685	-0.044658579994846875	0.03591641848807964	0.04270407343696409
G003072045	-0.08715600662469476	-0.0442663646614544	-0.025153975541236967
G003148945	-0.008332049219151606	-0.006670169025533253	-0.02972668292086159
G003265305	0.04963741833855579	-0.024559143811249733	-0.054737967151892816
G003315635	-0.0331322748344922	0.05188644128141524	-0.02386965448066152
G003324125	0.015468060373956562	0.03199278566579588	0.02947277658871677
G003340315	0.007258239637579821	0.03835341450979603	-0.006972972505048512
G003343725	0.01597910106707489	-0.015883529854428927	-0.04500310414367722
G003432035	-0.016577666649524665	-0.0627715886509781	-0.045144077928507054
G003435925	0.02339124617125979	0.02876575959177224	-0.03968372527828148
G003438995	0.08204270590734021	-0.022845250344506653	-0.04574943233271931
G003467125	-0.05544963364084952	0.006069616881086397	-0.03154648647711104
G003467845	-0.004878563224106178	-0.009112233403253497	-0.005416508205493769
G003477885	-0.01624446662724384	0.0210788281854504	-0.04542910055830977
G003478165	0.002591303833197209	0.05823694659447119	-0.007974882877712898
G003478285	-0.014149063163084568	-0.010642348702403043	-0.011173647712052797
G003478355	-0.007724005010672511	0.012013610766859875	0.022212124214021668
G003479825	0.05408101990737863	-0.022143234092019827	0.050264759051430866
G003479885	0.00553446611939295	-0.0011438168713686558	-0.040359457219121694
G003490145	-0.011102549664481222	0.003823593156449572	-0.02774180448729292
G003601895	-0.045847733814654686	0.0422239816855976	-0.04660960520597908
G003725415	-0.013314781965369452	0.04251577414068007	-0.046185809334097494
G003725995	-0.03039153050624071	0.07280865499215226	-0.046011512566284926
G003762615	0.05041874644015477	-0.02054093575518979	-0.02581573562090546
G003762715	0.052187766629377415	-0.025045906637468904	-0.03144651246609445
G003762745	0.035186829705185586	-0.015038224886682619	0.0036455514682621456
G003762875	0.06247878979789136	-0.019890047074620762	-0.02968566888811446
G004102775	0.04797479615474047	-0.04524357737923646	0.004937382937718004
G004102785	0.03831127426226051	-0.019928814858099574	0.024842416250776378
G004102805	0.01769643923777641	-0.007796951879342392	0.00273869235353723
G004115465	0.03447489093715807	-0.005613023359036964	0.0020189622582187615
G004127505	-0.07946562204273423	-0.0066841285578514605	-0.0366924607711345
G004552135	0.005550644275444165	-0.0007538011638695958	-0.017628652323497706
G004552795	0.004917103775837577	-0.0007329859152830294	-0.038409711484609706
G004553245	0.0004796545474700907	-0.0108347926595131	0.002486515881181537
G004553345	-0.03349910807465344	0.0031088675288838603	0.03184295483203429
G004553635	0.06347111471476274	-0.03122256819703644	0.03860130018218604
G004554925	0.02303917356806042	0.0025830581290684183	-0.061349311757473775
G004555055	0.01536002597349535	-0.02809120819687174	-0.024619385065674577
G004555765	0.012155219344790124	-0.03961409200025758	-0.046263726822064276
G004556045	0.06513475858383823	-0.00602337687706438	-0.06119077813523824
G004556245	0.08286169050452291	-0.008902208661786757	-0.05934819055804255
G004556705	0.02218576984593988	0.005608687039005507	-0.03443849753211474
G004557065	-0.01190382023453298	0.02062530611246269	-0.038483125839544295
G004557415	0.03492879158468061	-0.007099069356491886	0.028922300183816772
G004557455	-0.026218221628422397	-0.06408114524144069	-0.05288060699358368
G004557545	0.008918511066506533	-0.0861237266199764	-0.05641437906631366
G004557565	0.028499868577650224	0.02602789706652477	-0.04908385222349641
G004557655	-0.06422507077562342	-0.055776291470642496	-0.02965274562139826
G004558425	0.04383896009485883	-0.001889021873204456	-0.0176967420612866
G004558535	-0.0017268507054979602	0.008507763369799456	-0.03863018670543768
G004561445	-0.015619666621778463	-0.014241315355136525	0.04365430121772775
G004561455	-0.04344887486877514	0.00741394013231479	0.0649035881539268
G004562255	0.024063923124308752	-0.0075607490441618195	-0.008845545477035557
G004562475	-0.04582900030493602	0.03504306313208654	-0.04714578111430846
G004562975	-0.011702980467931457	0.030773538984351475	0.005199356161718166
G004563195	-0.01022595868601418	0.0023392189598416247	0.030347956470648373
G004563615	0.057734948515716845	-0.014885027647580732	0.004897288587123987
G004792655	0.00874775609010497	-0.00441700789227934	0.03099811262329263
G004792675	0.031980077365170174	0.001079027777333186	-0.026427202282216247
G004793665	-0.026153846495835235	0.03640906304561325	-0.007592480854295398
G004803695	0.05392121929730661	-0.01835112118624248	-0.022378270852997796
G004803915	0.04848905598118681	-0.030041982671590823	-0.0156629708465558
G005048345	-0.002814178442306632	0.028792734580164014	-0.03766454081307851
G007293315	-0.09610642672017983	-0.025512792204642712	-0.04842251152312998
G007559425	0.08475855057873617	-0.018856530445325963	-0.021980733711689855
G007998125	-0.07074039176967456	-0.1964951094934738	0.025654999197504427
G008033425	-0.016052066964102416	0.062088560891262835	-0.04550523376783198
G008273775	-0.08680417206097282	-0.11751229820724592	0.05694910556809668
G008667375	0.04506398119707408	0.05640940127912631	-0.0013215836375550358
G008679325	0.07472659101015015	-0.009936072683861215	-0.006294619257277714
G008698165	-0.06897029542107068	0.09175297595563235	0.1423330585553259
G009695875	-0.01719092659447648	0.04670991652603314	-0.029192188899339503
G009696045	0.0006458380653054898	-0.0035919601770290615	-0.012239078937294054
G009696485	-0.013364132735291332	0.020980970168394335	-0.0441100317589134
G009696565	0.02360904260011589	-0.019371757977040313	-0.0021034354285424054
G009774765	0.04016380545432239	-0.013679886617601132	-0.04077159348736652
G009774865	0.06748412328560476	0.012948365199542998	0.00960680446628713
G009831105	-0.0043762168011299545	-0.006265700079096105	-0.03229661983686984
G009929575	0.006269226497619672	-0.005050181549069849	0.003892188085314197
G010537155	-0.002422212308285286	-0.014510664462201719	-0.017415042219218333
G010592515	-0.0779769283816307	-0.04738568628114284	-0.013292130025334232
G010667615	-0.050761843884699336	0.03874224268333918	0.01617383298075491
G011959405	0.043815854330401055	-0.004790878222854289	-0.006736452926933585
G011959565	0.046607882556324455	-0.023722009467690243	-0.03698720329088012
G011960185	0.048685070614651174	-0.013120752899514655	0.01729284297929435
G012102505	-0.10588689366905414	-0.0577569415075363	-0.018235074902763347
G012161415	-0.09981151957593427	-0.09084910180689681	0.018933261326536707
G012357415	-0.07193015265151065	-0.19371827566459554	0.022458740499325763
G012932365	-0.04006058375114153	0.034805021806871284	0.07502719871043265
G900021155	0.014377082395509198	-0.010929058695074127	0.005691875444210066
G900046475	-0.01852724056821878	0.05239635811631977	0.01319005502485861
G900066135	0.022629798506900868	0.0036951611197654013	-0.00536699557378275
G900066445	0.09859633080134497	-0.027348632631776868	0.011121193787631196
G900066505	0.005345043358710433	0.01349473572182541	-0.02981600491928591
G900066525	-0.00504251762379912	0.025471168197969643	0.020694202158720483
G900066655	0.06155366171830647	-0.015511080639066874	0.05905849162737565
G900079775	-0.013503473822667427	-0.0023198334717332543	0.09629939851680831
G900086585	-0.008722860578837937	-0.028020286472698518	0.030652621221648663
G900091655	0.017631365361072574	-0.013244450368592479	0.019584458449914556
G900091675	0.053286752318434744	-0.007624517345788921	-0.04259533249763933
G900094885	-0.0472946041744333	0.04236493080281842	-0.032321059891046174
G900095865	-0.013030608357300681	0.03385566189859424	-0.034358448278690175
G900101655	0.03319198346438675	0.06486972106053589	-0.007224057159571489
G900103315	0.06773470798814159	-0.013152775244627152	-0.05511013043304749
G900103425	-0.07323185116021681	0.03029622947410824	0.05283281146432238
G900103535	-0.05483049135263981	-0.012631790429570425	-0.04029497281915605
G900104615	0.004760466803676876	-0.02420555416718226	-0.040955694496929186
G900104675	-0.0030476603875572448	0.009320661398379686	-0.016383294183236613
G900106785	0.005108675028628251	-0.007872099202549337	0.10056480154072071
G900106855	-0.019940990999407274	0.054961322941033855	-0.023740324940941984
G900108345	0.04390511007693049	-0.0009053644205103749	0.06988111056286823
G900113155	-0.01619465941292929	0.010560812873868314	-0.04661289674762832
G900116045	0.005841537162216821	-0.058244925861660406	0.01007044102013831
G900119895	-0.01700900308742024	0.0510464012407062	0.021578115473766032
G900128475	0.012630693540896456	-0.01088994498461289	0.10261901879710558
G900128485	-0.005297856952666839	-0.11393285392017288	0.02718169974853891
G900142165	0.015498236427259577	0.0399706714365143	-0.03539609286951642
G900142265	-0.016841224864321127	0.029501222603133592	0.008386474096953384
G900142485	0.029083376144750303	-0.00430602309863001	-0.03745548358557108
G900143685	-0.026836733122579694	0.04630045696279082	0.04976988743916946
G900148495	-0.005240014668345252	0.019646942317523307	-0.024274552978374216
G900155635	-0.009128332242846838	0.032581461066741986	-0.0332586720826643
G900169485	-0.01006558827950317	0.02536563822431251	-0.04100912783811284
G900169495	-0.013130576753581511	0.027846892838095105	-0.04212264662443729
G900169975	-0.007708713984390982	0.027679504853913958	0.007180894081211458
G900176655	-0.03100731888194914	0.05262459372288796	0.026268917636632614
G900199495	-0.02389591355659204	0.037002995515917785	0.0019861650835173413
G900227605	-0.09120926926141493	-0.07153660923094222	0.007404080803661673
G900240225	0.023355725242111575	-0.008589529707816521	-0.0014504407437673555
G900291465	0.06669457700187256	-0.029049847321341325	0.009720624195284822
G900312975	-0.015303189814375541	0.013463205508969033	-0.028049496984804412
G900316315	0.0016803867676458192	-0.017399469842952424	-0.034552367011885445
G900538745	0.05213786455066777	-0.02756681538661665	-0.03995074011686873
G900539795	-0.018114633140516225	-0.009041109005354193	0.07008798702250595
G900541935	-0.018553582418198388	0.002570542761934353	0.04329599992867024
G900542055	-0.04854577884259785	0.004652347093533249	-0.049078382636698274
G900542815	0.017007963090979916	-0.01797050048808801	-0.04668769998605916
G900543165	-0.015715727627534558	0.019467097233527183	-0.0547293427673983
G900545025	0.010300413072916193	-0.034735119851598155	-0.006451800588137966
G900545235	0.01532111824636832	0.012784593838451827	-0.043262717766945645
G900545585	0.03003581109960575	0.004952400642026664	-0.04973292149162885
G900548875	0.10607774036843522	-0.03053724634934275	-0.011374584639257562
G900551515	0.043975738767624915	0.024161515358491297	-0.01856281006726052
G900552255	0.05823751280326324	-0.006361998550125585	-0.06168224518318867
G900553625	0.07686368384673584	-0.027819243455247566	-0.06417478975565041
G900604335	-0.004736086047904173	-0.0003493149999692871	-0.03954545812554343
G900604355	-0.0006010562935968564	-0.0004531010034677911	-0.009894821358024128
G900606105	-0.006200741304354438	0.044678773416919455	0.04608582998331891
G900683765	0.015918678327716877	-0.01499298033541742	-0.01274682544651634
G901212675	-0.02412273061779607	0.021362503657191338	0.05783753823744963
G902160675	-0.054278110687376056	0.0006592374835454251	-0.023038140768423858
G902167945	0.01976932607021077	0.03455609198914385	-0.017366157930773923
G902167965	0.0009832589701286875	0.006671557455073904	-0.015984474857965145
G902363025	-0.009578429864806033	0.004489733317515861	0.026427636619659085
G902363055	0.007954743225468179	-0.011733861035093844	-0.010747959162574676
G902363075	-0.006239558558211152	0.007692504139659044	0.0072771179534384745
G902363425	0.06489665478639269	-0.01558413311013236	-0.024857809535597783
G902363555	-0.007570236705568814	-0.002578514291563327	-0.02763743715710126
G902363565	-0.007833359113700936	-0.008364677594240713	-0.0033498316005398064
G902363595	0.009473057594307726	0.029093851889238048	-0.030566597742623835
G902363685	0.006332298694901136	0.021714864804441333	-0.03639491085151832
G902363725	0.008236407002135881	0.032900276356374124	-0.04047206002200225
G902364485	-0.012274940569817143	0.02668206921521938	-0.009042475513008368
G902385285	0.01920003074321568	-0.012147763336901407	0.08849077242887736
G902387315	-0.06189436453650757	0.07409702777858455	0.04557086910438117
G902501965	-0.021474586762099214	0.04952500779708204	0.03348892001800992
G902777695	0.07000431621476111	-0.04375266538768109	-0.058639122714252125

Site	7	3
14577.TK.TP1	-0.42087893784081776	-0.43945714937976954	-0.3776556738418624
14577.TK.TP3	0.5931787506649762	-0.2715482465559396	-0.3626690602135575
14577.TK.TP7	-0.1559775812642881	0.3218618258348667	-0.27839141591708033
14577.TK.TP6	0.5284485865848308	-0.06871297390802317	0.4791200980550911
14577.TK.TP9	-0.11672476613581778	0.6754944371129716	0.16908407280713894
14577.TK.TP8	-0.03770429107916185	0.16029682324822692	-0.2157181423742668
14577.TK.TP4	-0.3903417609297215	-0.3779347163523338	0.5862301214845349

Biplot	0	0

Site constraints	0	0
