Species	Axis1_62.1	Axis2_37.8	Axis3_0.16
G000006925	-0.073399697	-0.193776533	0.022576133
G000007145	-0.012567325	-0.05448957	-0.021733229
G000007525	-0.00095207	0.033753831	0.085021878
G000008865	-0.072675511	-0.196260001	0.025080005
G000009925	0.038817207	-0.012090719	0.093547336
G000010425	0.012912144	0.035847596	0.075405528
G000011065	0.026178454	-0.008150533	0.07239006
G000012005	-0.071463769	-0.190427565	0.018945613
G000012825	0.072885013	-0.009044444	0.146333607
G000012845	0.076231354	-0.038688432	0.06379378
G000020605	0.051220795	0.015248898	-0.014425185
G000022965	-0.047186132	0.037372639	-0.01345352
G000025205	-0.039747853	0.038809836	-0.026789005
G000025305	-0.035116602	-0.01732399	-0.017816491
G000025565	-0.032222436	0.026421106	-0.016066333
G000025925	-0.025734198	-0.001288853	-0.030527184
G000026325	-0.070314467	-0.195564092	0.025330595
G000026345	-0.071703005	-0.193311961	0.022157514
G000144405	-0.057422382	0.019093894	-0.001017802
G000144625	-0.003677054	0.033174719	-0.021452518
G000146675	0.024291835	-0.013729506	-0.022016456
G000153905	0.007316038	0.024000542	-0.025694233
G000154065	0.004669991	0.01871326	-0.043655205
G000154205	0.029061549	0.022087107	0.146141296
G000154245	-0.007270906	-0.008995646	-0.02815354
G000154285	-0.003498075	-0.013080154	-0.034038316
G000154465	0.030945507	-0.030355442	0.061822148
G000154525	0.090500248	-0.005388045	0.107431367
G000154565	0.003967654	-0.006996057	0.017586975
G000154845	0.108154376	-0.0205078	0.0826007
G000155435	-0.000134624	-0.010391751	-0.012633042
G000155875	0.006183471	0.021775563	-0.027583773
G000156035	-0.011202486	0.022400737	0.011283667
G000156055	-0.020914011	0.021868057	0.063918315
G000156175	-0.010597519	0.051623172	0.025863712
G000156215	-0.016519195	0.048265367	0.0415335
G000156535	-0.005718339	0.071720219	-0.023011374
G000156655	0.073429624	0.070092414	-0.036200628
G000156675	-0.018691261	-0.002996641	-0.005448288
G000157915	0.047591296	-0.013258848	0.093776628
G000157935	-0.075253761	0.030102977	0.19643028
G000157955	-0.008222512	0.019047184	-0.013413573
G000157995	-0.00226084	-0.012843845	-0.011348206
G000158075	0.02038278	-0.014686271	-0.055332304
G000158195	0.080475077	0.034740515	-0.026434058
G000158315	0.066353891	0.049723041	-0.030391147
G000158655	-0.022097818	0.036085119	-0.030961539
G000159055	-0.018812994	0.013618469	0.014005541
G000159075	0.029293852	-0.0053489	0.07479313
G000159155	-0.049379984	0.039841165	-0.044599373
G000159995	0.013703573	-0.044740768	-0.003286476
G000160095	-0.005060713	-0.012487123	-0.008994328
G000160535	0.026563036	-0.014406972	-0.043463548
G000160655	0.001218675	0.037119847	-0.028251657
G000162015	0.013193706	0.016821593	0.033752292
G000165735	-0.05471948	-0.002486558	-0.043768026
G000165905	-0.042403863	0.036360154	0.062873342
G000169035	-0.016759061	0.049356626	0.052123107
G000169235	0.004549686	0.018094366	-0.011419375
G000169255	0.004885752	0.000230219	-0.015239045
G000174195	0.003539777	0.016247725	-0.00519399
G000174395	0.062905356	0.040366173	-0.046571743
G000177015	0.00108919	-0.0090271	0.017855592
G000177075	0.029316398	-0.022205984	0.00718066
G000177555	-0.04767337	0.001788022	-0.029159175
G000179055	-0.028331527	0.004764877	-0.024077948
G000183345	-0.074984051	-0.195210635	0.021145285
G000185845	-0.011340241	-0.005068119	-0.004281107
G000187895	0.136380167	-0.043058519	0.113073142
G000188175	0.014031028	-0.020755469	-0.008444601
G000188195	0.040657857	-0.075140853	-0.063847569
G000189595	-0.014571711	0.013277917	-0.01986257
G000190535	0.04584377	0.00430066	0.010565886
G000190575	0.059506381	-0.028749294	0.021352175
G000191065	-0.005172131	-0.007205969	-0.008870728
G000193395	-0.023266663	-0.0029559	-0.036981477
G000195315	-0.027043828	0.050614636	-0.037747282
G000195635	0.050290893	8.29E-05	0.04835572
G000195995	-0.096646744	-0.040181442	-0.038939877
G000205165	0.045602113	-0.022158587	0.071876667
G000210055	-0.019450803	0.050978325	0.022334559
G000210575	0.022339577	0.010756017	0.078322101
G000210615	-0.002064278	0.00250089	-0.042141932
G000210635	0.019696908	0.038457842	-0.047950778
G000215745	-0.026079193	0.038919612	-0.029333486
G000218235	-0.007029204	-0.01139906	-0.032658189
G000220255	-0.00361198	-0.012988135	-0.030124981
G000221545	-0.054810398	-0.002005107	-0.040492341
G000225345	-0.005331631	0.009760843	-0.014301469
G000225705	-0.019036018	0.052672289	0.008864401
G000233455	-0.004593306	-0.010943798	0.000186024
G000233535	0.007912411	0.043082306	-0.027457499
G000235885	0.02631654	-0.00980621	0.090405433
G000236865	-0.019324965	0.053791503	0.039552101
G000238215	0.037822983	-0.011969086	-0.046740703
G000239695	-0.020998861	0.036708283	-0.021248682
G000240185	0.004637121	0.008730214	0.037432221
G000242335	-0.050617857	0.018508897	0.012890553
G000243215	0.051218198	-0.02201284	-0.008659189
G000245775	-0.029557584	-0.048624621	0.02801618
G000250875	0.029351483	-0.037823214	-0.041012246
G000261025	-0.036472771	0.004874163	-0.045236372
G000262545	-0.01092468	-0.005462947	0.03158612
G000265365	0.059163011	-0.008628181	0.037920023
G000270285	-0.037974679	0.050927745	-0.043143972
G000283495	-0.033889232	0.010138968	0.003982894
G000285455	-0.002061629	0.025218251	-0.02395969
G000296465	0.080201897	-0.007095142	0.06578606
G000296505	-0.024592585	0.050112353	-0.032291574
G000297775	0.038106016	-0.033125595	-0.044920152
G000299455	-0.086118087	-0.117192016	0.056346365
G000304215	-0.039038747	0.053395541	-0.028153938
G000307375	0.042048779	-0.005498687	0.101662108
G000311845	-0.006356009	0.048884336	-0.021223608
G000311925	0.035414666	-0.012740484	0.001011183
G000312145	0.013116776	0.019495101	0.028748634
G000315485	0.048265795	-0.010205034	0.055020324
G000321165	-0.012369913	0.049346371	0.004186846
G000321205	0.072820751	-0.033229979	-0.069534508
G000327285	-0.008522662	-0.006854145	-0.028038463
G000347695	-0.046126428	0.034523103	0.004619141
G000371705	-0.002504902	0.008715216	0.00397746
G000372405	0.005950833	-0.002340562	0.014120989
G000373885	-0.072814326	0.046170769	0.010302434
G000374405	0.008549881	-0.006488847	0.007228738
G000374585	0.072827868	-0.020777065	0.031554604
G000376885	-0.046388067	0.041780501	-0.024216927
G000378745	0.006348386	-0.004553	-0.006000591
G000379965	-0.017853632	-0.003439974	-0.017794943
G000381365	0.094809447	-0.035102389	0.03281197
G000398925	0.008551535	0.012516136	0.065092578
G000403295	0.021576773	0.04637323	-0.037589348
G000411515	0.028714993	-0.043729268	-0.034949133
G000423385	-0.026649037	-0.038692922	-0.06360026
G000424185	-0.03718647	0.0039551	-0.04906756
G000426565	-0.059802357	0.00922234	-0.002972174
G000426585	0.029191151	-0.029902399	-0.009381549
G000427365	0.013867004	-0.007705691	0.010423428
G000428565	0.052505084	-0.010454776	0.082945758
G000430525	0.009001985	-0.006359924	0.010749466
G000431015	-0.013422548	0.001746847	-0.016099991
G000431495	0.05455552	0.073012877	-0.034801891
G000431915	-0.079910863	0.035878575	0.078936529
G000431935	0.10513929	-0.028963618	-0.06399808
G000432615	0.024281712	-0.035844808	-0.051395233
G000433375	0.013053933	0.006971828	0.062806398
G000433575	0.076261519	-0.002888712	-0.021174653
G000433955	0.036729985	-0.009753679	0.096318459
G000434095	0.011678622	-0.006313989	-0.011171992
G000434475	0.057452485	0.025473484	-0.055934466
G000434515	-0.087860303	0.036581575	0.075858634
G000434535	0.0226995	0.049776778	0.006184593
G000434735	0.047986357	-0.009215838	-0.017505842
G000434855	-0.005369925	-0.115263015	0.022057338
G000434975	-0.03749469	0.013254955	0.057798874
G000435075	-0.018261862	-0.011465195	-0.01128141
G000435635	0.063381138	-0.016754349	-0.017600024
G000435735	0.039262933	-0.006540539	-0.017748249
G000436035	-0.022282243	0.003981837	0.070429697
G000436055	0.123238204	-0.094465215	-0.032023495
G000436135	0.082192016	-0.012253287	0.116799761
G000436295	0.019808632	-0.015388176	-0.027783956
G000436435	0.037655133	-0.007400508	0.086762714
G000436795	0.131844847	-0.035435261	-0.049606715
G000436855	0.079882844	-0.056666091	0.035277472
G000436895	0.085070123	-0.017008189	0.071614559
G000436915	-0.055579478	0.030470118	0.004359982
G000437535	-0.023091692	-0.00260887	0.026885876
G000437675	-0.039746224	0.009414134	0.046725202
G000437995	0.034029543	-0.003012783	0.00597483
G000438035	0.074994991	-0.009265059	0.139073591
G000438395	0.098407795	-0.053748866	0.035291296
G000450985	-0.0135674	0.050119643	0.050164342
G000455225	-0.056465276	-0.00785204	-0.029030602
G000455445	0.006835996	-0.034197857	0.023636259
G000466465	-0.021612146	0.008992148	-0.030723882
G000466565	0.014608806	0.038351336	-0.034245878
G000468855	-0.010697955	0.044413036	-0.040794665
G000469445	-0.015080226	0.04382592	0.051797611
G000478965	-0.060427704	-0.007471854	-0.046575221
G000499785	0.01457364	-0.007651093	0.009416393
G000511775	0.062853008	-0.016531067	-0.004516119
G000512915	0.036130745	-0.011386137	0.023295316
G000517545	0.085940009	-0.040055167	-0.036502211
G000519105	0.086957888	-0.005823761	0.020795473
G000526735	0.002246704	0.041637013	0.08303009
G000565075	-0.013863587	0.036388804	-0.027349205
G000585355	-0.021192567	-0.00670111	-0.01739314
G000598465	0.016041261	0.010273036	0.056522143
G000598965	0.017665089	0.009792508	0.057030712
G000599385	0.04607783	-0.007268238	0.076887309
G000613345	0.013550193	-0.012822287	0.000259214
G000613525	-0.059418285	0.009732695	0.002244485
G000613785	-0.036716613	0.007451683	-0.013674538
G000613805	0.086277544	-0.007029714	-0.050222409
G000613925	-0.01623528	0.000778262	-0.012039257
G000613985	-0.018664064	-0.005054868	-0.01214921
G000614145	0.055726607	-0.009185112	0.038909327
G000614205	-0.02087556	-0.002667804	-0.046322492
G000648515	-0.110570167	-0.039823423	-0.029945775
G000688375	0.005356465	-0.021158408	-0.035493207
G000694955	-0.037791391	0.030457464	-0.008972749
G000702025	0.011501143	0.050156122	-0.036183851
G000737865	-0.041008272	0.043298951	-0.027924621
G000738005	-0.042784494	0.050206229	-0.042209606
G000741135	-0.051626537	0.038459858	0.004642464
G000741165	-0.050193393	0.040822081	0.076860957
G000741175	-0.060174073	0.088882599	0.194305937
G000741205	-0.046391901	0.046386813	-0.025635496
G000741215	-0.04873779	0.052444636	0.038500267
G000741255	-0.041363439	0.053872186	-0.026762195
G000741285	-0.048430067	0.04301126	-0.015906664
G000741525	-0.043061449	0.044484808	-0.02843175
G000741575	-0.051114915	0.028847081	0.006936664
G000741645	-0.047034627	0.057778683	-0.015227618
G000741695	-0.0265191	0.033547892	0.161391973
G000741705	-0.03888784	0.055585707	-0.034812731
G000741715	-0.034554752	0.041686015	0.060473449
G000741765	-0.041655409	0.044975532	-0.029329939
G000741775	-0.047466666	0.042173028	-0.014540476
G000741785	-0.062632672	0.023944752	0.135280358
G000752675	0.019553541	0.051126611	-0.005394618
G000758925	-0.000768018	0.001452678	0.019878541
G000762865	-0.001122755	-0.009716555	0.021749225
G000763135	0.016566521	0.054580028	-0.030446251
G000765235	0.005491065	0.020841371	0.010481337
G000767175	-0.0068358	0.018712552	0.069582128
G000768955	0.035277309	-0.00600641	-0.023385966
G000777575	-0.093869026	-0.095566435	0.029229249
G000777875	-0.091094141	-0.088389095	0.021164388
G000778805	-0.090015602	-0.078060145	0.01347537
G000779535	-0.087139095	-0.096389311	0.032825352
G000781475	-0.078120773	-0.163471101	0.008580882
G000800475	-0.034134078	0.035792395	-0.00529225
G000803105	0.039962665	-0.005887132	0.001963643
G000814825	-0.041063612	0.043952159	0.010656661
G000821265	-0.013397225	0.047679022	0.005341728
G000834015	-0.029945609	0.006889741	0.035687289
G000944155	-0.026988772	0.023687918	-0.039666624
G000944855	-0.07032338	-0.196554525	0.026851403
G000969835	0.050016837	-0.012172268	-0.010839799
G000980235	0.00468248	0.030577866	-0.020934393
G000980375	0.068203846	-0.003304745	-0.056441987
G001022135	-0.059622347	-0.013664505	-0.050052294
G001022195	-0.047278195	0.015889592	-0.027066674
G001025155	-0.031481717	0.039398431	0.038479221
G001025175	-0.022086476	0.035808831	0.058509894
G001042595	-0.034465694	0.0399143	0.017488656
G001042635	-0.049858544	0.039951878	0.06942666
G001042695	-0.046708456	0.042595555	-0.047415365
G001045675	-0.059347589	0.000220791	-0.02595789
G001049915	-0.031046666	-0.050226073	-0.066652581
G001066585	0.049261845	0.069418554	0.023616812
G001244495	-0.013271735	0.026273261	-0.001299933
G001244995	-0.002377258	0.018458885	-0.041287488
G001262015	-0.041682341	0.008812506	-0.008404
G001263395	-0.04158051	0.045195426	-0.035472253
G001275135	0.062872546	-0.029220665	0.040548041
G001280875	-0.039169213	-0.016110607	-0.046202152
G001283625	-0.070557205	-0.196064166	0.026605908
G001294745	-0.004356347	-0.023526786	-0.033500932
G001304875	-0.020332474	0.034252622	-0.042077751
G001305115	-0.010356148	0.012458976	-0.028863919
G001305135	0.012439562	0.063771821	0.017276248
G001308145	-0.059531516	0.109902293	-0.0151933
G001312505	0.010574695	0.019774359	-0.028173572
G001314975	0.032795487	-2.21E-05	0.050687455
G001314995	0.033388286	-0.003958556	0.084679655
G001318345	0.049940022	-0.007650484	0.038905993
G001398415	-0.03623574	-0.00724957	0.018494696
G001403595	0.066459926	-0.023597827	-0.032342416
G001404455	0.014590149	0.039936194	-0.018171233
G001404695	-0.023010407	0.050523913	0.05225022
G001405375	0.017974347	0.035846944	0.022669247
G001405615	0.005062552	0.005168251	-0.019291827
G001406335	-0.000141284	0.018049771	-0.021712317
G001417815	-0.067052298	0.01705945	0.185223066
G001444445	-0.013884886	-0.008398067	-0.026871867
G001454945	-0.007918613	0.037459377	-0.019810309
G001457795	-0.017708537	0.027460694	-0.036723337
G001481375	-0.011056089	0.024974832	-0.008781726
G001486445	-0.024350121	0.051489933	-0.039171317
G001486665	-0.017340401	0.027960125	-0.032724038
G001487125	0.066451562	-0.012013366	-0.050551269
G001494635	0.011751648	0.044851288	-0.016158828
G001512635	-0.043640422	0.055817561	-0.039486051
G001543405	-0.029040137	0.008681997	-0.025862073
G001552785	-0.025039082	0.041446868	-0.024318708
G001558935	-0.063085229	-0.0088087	-0.037371071
G001571285	-0.079697523	-0.018438258	-0.046258751
G001584645	-0.032158689	-0.039754927	-0.044877923
G001643775	-0.043796184	0.063154797	-0.04975175
G001683355	-0.024819153	-0.000743228	-0.01023107
G001688625	-0.009859086	0.038913983	0.11714818
G001689655	0.039359228	-0.041135344	-0.023617201
G001701255	0.096631448	-0.01822836	-0.041640664
G001719865	-0.110752595	-0.041319241	-0.055061488
G001855385	-0.11068839	-0.042306765	-0.05590085
G001915415	0.063330485	-0.02066577	-0.030750705
G001915435	0.068462887	-0.000646124	0.014691849
G001915455	0.056371897	0.011859593	0.054830518
G001915495	0.082657345	-0.063565256	0.009032695
G001915575	0.048280327	0.008592502	-0.006252024
G001915615	0.083571943	-0.120750408	-0.059897313
G001915655	0.043418614	-0.025053885	0.003888358
G001916615	0.028419216	-0.036267832	-0.046895531
G001916865	0.020449878	-0.020210902	-0.022814652
G001940855	0.061100749	-0.012737983	-0.037891538
G001941055	-0.010413786	-0.131801632	-0.055764678
G001941065	0.021207005	0.018437679	-0.034412557
G002032965	-0.095957015	-0.042051524	-0.042674877
G002159555	0.053795114	-0.013078262	-0.030600141
G002159625	0.015259678	0.035862269	0.013131032
G002159645	0.047136049	-0.003623229	-0.010501776
G002159835	-0.007971521	0.031146956	-0.039691428
G002160025	-0.008063316	0.029296094	-0.028882769
G002160065	-0.014528917	0.053004647	-0.014457253
G002160755	-0.008543637	0.02196952	-0.027467179
G002160895	-0.019137996	0.016711254	0.024201641
G002160955	-0.023695463	-0.00951458	-0.036351424
G002161065	0.019348341	0.033016649	-0.027456064
G002251205	-0.014804535	-0.007617701	0.069710462
G002251365	0.023139109	-0.013245745	0.032868431
G002251435	0.014902752	-0.00489343	0.029983869
G002259605	-0.04997103	0.032634723	-0.01020108
G002259685	-0.04465858	0.035916418	0.042704073
G003072045	-0.087156007	-0.044266365	-0.025153976
G003148945	-0.008332049	-0.006670169	-0.029726683
G003265305	0.049637418	-0.024559144	-0.054737967
G003315635	-0.033132275	0.051886441	-0.023869654
G003324125	0.01546806	0.031992786	0.029472777
G003340315	0.00725824	0.038353415	-0.006972973
G003343725	0.015979101	-0.01588353	-0.045003104
G003432035	-0.016577667	-0.062771589	-0.045144078
G003435925	0.023391246	0.02876576	-0.039683725
G003438995	0.082042706	-0.02284525	-0.045749432
G003467125	-0.055449634	0.006069617	-0.031546486
G003467845	-0.004878563	-0.009112233	-0.005416508
G003477885	-0.016244467	0.021078828	-0.045429101
G003478165	0.002591304	0.058236947	-0.007974883
G003478285	-0.014149063	-0.010642349	-0.011173648
G003478355	-0.007724005	0.012013611	0.022212124
G003479825	0.05408102	-0.022143234	0.050264759
G003479885	0.005534466	-0.001143817	-0.040359457
G003490145	-0.01110255	0.003823593	-0.027741804
G003601895	-0.045847734	0.042223982	-0.046609605
G003725415	-0.013314782	0.042515774	-0.046185809
G003725995	-0.030391531	0.072808655	-0.046011513
G003762615	0.050418746	-0.020540936	-0.025815736
G003762715	0.052187767	-0.025045907	-0.031446512
G003762745	0.03518683	-0.015038225	0.003645551
G003762875	0.06247879	-0.019890047	-0.029685669
G004102775	0.047974796	-0.045243577	0.004937383
G004102785	0.038311274	-0.019928815	0.024842416
G004102805	0.017696439	-0.007796952	0.002738692
G004115465	0.034474891	-0.005613023	0.002018962
G004127505	-0.079465622	-0.006684129	-0.036692461
G004552135	0.005550644	-0.000753801	-0.017628652
G004552795	0.004917104	-0.000732986	-0.038409711
G004553245	0.000479655	-0.010834793	0.002486516
G004553345	-0.033499108	0.003108868	0.031842955
G004553635	0.063471115	-0.031222568	0.0386013
G004554925	0.023039174	0.002583058	-0.061349312
G004555055	0.015360026	-0.028091208	-0.024619385
G004555765	0.012155219	-0.039614092	-0.046263727
G004556045	0.065134759	-0.006023377	-0.061190778
G004556245	0.082861691	-0.008902209	-0.059348191
G004556705	0.02218577	0.005608687	-0.034438498
G004557065	-0.01190382	0.020625306	-0.038483126
G004557415	0.034928792	-0.007099069	0.0289223
G004557455	-0.026218222	-0.064081145	-0.052880607
G004557545	0.008918511	-0.086123727	-0.056414379
G004557565	0.028499869	0.026027897	-0.049083852
G004557655	-0.064225071	-0.055776291	-0.029652746
G004558425	0.04383896	-0.001889022	-0.017696742
G004558535	-0.001726851	0.008507763	-0.038630187
G004561445	-0.015619667	-0.014241315	0.043654301
G004561455	-0.043448875	0.00741394	0.064903588
G004562255	0.024063923	-0.007560749	-0.008845545
G004562475	-0.045829	0.035043063	-0.047145781
G004562975	-0.01170298	0.030773539	0.005199356
G004563195	-0.010225959	0.002339219	0.030347956
G004563615	0.057734949	-0.014885028	0.004897289
G004792655	0.008747756	-0.004417008	0.030998113
G004792675	0.031980077	0.001079028	-0.026427202
G004793665	-0.026153846	0.036409063	-0.007592481
G004803695	0.053921219	-0.018351121	-0.022378271
G004803915	0.048489056	-0.030041983	-0.015662971
G005048345	-0.002814178	0.028792735	-0.037664541
G007293315	-0.096106427	-0.025512792	-0.048422512
G007559425	0.084758551	-0.01885653	-0.021980734
G007998125	-0.070740392	-0.196495109	0.025654999
G008033425	-0.016052067	0.062088561	-0.045505234
G008273775	-0.086804172	-0.117512298	0.056949106
G008667375	0.045063981	0.056409401	-0.001321584
G008679325	0.074726591	-0.009936073	-0.006294619
G008698165	-0.068970295	0.091752976	0.142333059
G009695875	-0.017190927	0.046709917	-0.029192189
G009696045	0.000645838	-0.00359196	-0.012239079
G009696485	-0.013364133	0.02098097	-0.044110032
G009696565	0.023609043	-0.019371758	-0.002103435
G009774765	0.040163805	-0.013679887	-0.040771593
G009774865	0.067484123	0.012948365	0.009606804
G009831105	-0.004376217	-0.0062657	-0.03229662
G009929575	0.006269226	-0.005050182	0.003892188
G010537155	-0.002422212	-0.014510664	-0.017415042
G010592515	-0.077976928	-0.047385686	-0.01329213
G010667615	-0.050761844	0.038742243	0.016173833
G011959405	0.043815854	-0.004790878	-0.006736453
G011959565	0.046607883	-0.023722009	-0.036987203
G011960185	0.048685071	-0.013120753	0.017292843
G012102505	-0.105886894	-0.057756942	-0.018235075
G012161415	-0.09981152	-0.090849102	0.018933261
G012357415	-0.071930153	-0.193718276	0.02245874
G012932365	-0.040060584	0.034805022	0.075027199
G900021155	0.014377082	-0.010929059	0.005691875
G900046475	-0.018527241	0.052396358	0.013190055
G900066135	0.022629799	0.003695161	-0.005366996
G900066445	0.098596331	-0.027348633	0.011121194
G900066505	0.005345043	0.013494736	-0.029816005
G900066525	-0.005042518	0.025471168	0.020694202
G900066655	0.061553662	-0.015511081	0.059058492
G900079775	-0.013503474	-0.002319833	0.096299399
G900086585	-0.008722861	-0.028020286	0.030652621
G900091655	0.017631365	-0.01324445	0.019584458
G900091675	0.053286752	-0.007624517	-0.042595332
G900094885	-0.047294604	0.042364931	-0.03232106
G900095865	-0.013030608	0.033855662	-0.034358448
G900101655	0.033191983	0.064869721	-0.007224057
G900103315	0.067734708	-0.013152775	-0.05511013
G900103425	-0.073231851	0.030296229	0.052832811
G900103535	-0.054830491	-0.01263179	-0.040294973
G900104615	0.004760467	-0.024205554	-0.040955694
G900104675	-0.00304766	0.009320661	-0.016383294
G900106785	0.005108675	-0.007872099	0.100564802
G900106855	-0.019940991	0.054961323	-0.023740325
G900108345	0.04390511	-0.000905364	0.069881111
G900113155	-0.016194659	0.010560813	-0.046612897
G900116045	0.005841537	-0.058244926	0.010070441
G900119895	-0.017009003	0.051046401	0.021578115
G900128475	0.012630694	-0.010889945	0.102619019
G900128485	-0.005297857	-0.113932854	0.0271817
G900142165	0.015498236	0.039970671	-0.035396093
G900142265	-0.016841225	0.029501223	0.008386474
G900142485	0.029083376	-0.004306023	-0.037455484
G900143685	-0.026836733	0.046300457	0.049769887
G900148495	-0.005240015	0.019646942	-0.024274553
G900155635	-0.009128332	0.032581461	-0.033258672
G900169485	-0.010065588	0.025365638	-0.041009128
G900169495	-0.013130577	0.027846893	-0.042122647
G900169975	-0.007708714	0.027679505	0.007180894
G900176655	-0.031007319	0.052624594	0.026268918
G900199495	-0.023895914	0.037002996	0.001986165
G900227605	-0.091209269	-0.071536609	0.007404081
G900240225	0.023355725	-0.00858953	-0.001450441
G900291465	0.066694577	-0.029049847	0.009720624
G900312975	-0.01530319	0.013463206	-0.028049497
G900316315	0.001680387	-0.01739947	-0.034552367
G900538745	0.052137865	-0.027566815	-0.03995074
G900539795	-0.018114633	-0.009041109	0.070087987
G900541935	-0.018553582	0.002570543	0.043296
G900542055	-0.048545779	0.004652347	-0.049078383
G900542815	0.017007963	-0.0179705	-0.0466877
G900543165	-0.015715728	0.019467097	-0.054729343
G900545025	0.010300413	-0.03473512	-0.006451801
G900545235	0.015321118	0.012784594	-0.043262718
G900545585	0.030035811	0.004952401	-0.049732921
G900548875	0.10607774	-0.030537246	-0.011374585
G900551515	0.043975739	0.024161515	-0.01856281
G900552255	0.058237513	-0.006361999	-0.061682245
G900553625	0.076863684	-0.027819243	-0.06417479
G900604335	-0.004736086	-0.000349315	-0.039545458
G900604355	-0.000601056	-0.000453101	-0.009894821
G900606105	-0.006200741	0.044678773	0.04608583
G900683765	0.015918678	-0.01499298	-0.012746825
G901212675	-0.024122731	0.021362504	0.057837538
G902160675	-0.054278111	0.000659237	-0.023038141
G902167945	0.019769326	0.034556092	-0.017366158
G902167965	0.000983259	0.006671557	-0.015984475
G902363025	-0.00957843	0.004489733	0.026427637
G902363055	0.007954743	-0.011733861	-0.010747959
G902363075	-0.006239559	0.007692504	0.007277118
G902363425	0.064896655	-0.015584133	-0.02485781
G902363555	-0.007570237	-0.002578514	-0.027637437
G902363565	-0.007833359	-0.008364678	-0.003349832
G902363595	0.009473058	0.029093852	-0.030566598
G902363685	0.006332299	0.021714865	-0.036394911
G902363725	0.008236407	0.032900276	-0.04047206
G902364485	-0.012274941	0.026682069	-0.009042476
G902385285	0.019200031	-0.012147763	0.088490772
G902387315	-0.061894365	0.074097028	0.045570869
G902501965	-0.021474587	0.049525008	0.03348892
G902777695	0.070004316	-0.043752665	-0.058639123
			
Site	7	3	
14577.TK.TP1	-0.420878938	-0.439457149	-0.377655674
14577.TK.TP3	0.593178751	-0.271548247	-0.36266906
14577.TK.TP7	-0.155977581	0.321861826	-0.278391416
14577.TK.TP6	0.528448587	-0.068712974	0.479120098
14577.TK.TP9	-0.116724766	0.675494437	0.169084073
14577.TK.TP8	-0.037704291	0.160296823	-0.215718142
14577.TK.TP4	-0.390341761	-0.377934716	0.586230121