Species	Axis1_60.1	Axis2_39.5	Axis3_0.32
G000006925	0.016271276	0.153859364	-0.046877998
G000007325	-0.028526675	0.023547208	0.057896133
G000007525	0.076977788	-0.023855634	-0.07423789
G000008865	0.015976597	0.152791841	-0.050866754
G000009925	-0.018728848	-0.013895944	-0.079759318
G000010425	0.082691376	-0.022885428	-0.039660295
G000011065	-0.028271745	0.009229699	-0.055500136
G000012005	0.016416086	0.151748826	-0.042347056
G000012825	-0.024368214	-0.003948833	-0.152235386
G000012845	-0.055052886	-0.024696493	-0.067561573
G000014205	0.006653846	0.065622525	0.067289908
G000020605	0.05059348	-0.020772994	0.044296403
G000022965	0.076673369	-0.0256454	0.006412063
G000025205	0.090019844	-0.030757276	0.028110128
G000025305	0.002414015	0.037003466	0.020857523
G000025925	-0.010995857	0.02036043	0.044152282
G000026325	0.017574493	0.151958801	-0.050608769
G000026345	0.017980623	0.150292603	-0.049277256
G000144405	-0.002710139	0.020523381	0.006722833
G000144625	0.005238642	-0.018554178	0.03581489
G000146675	-0.03235268	0.008073099	0.049263237
G000153905	0.004950335	-0.033004369	0.028631968
G000154205	-0.077535372	-0.013433914	-0.140436403
G000154465	-0.038611012	-0.008780156	-0.071489777
G000154525	-0.0651379	-0.039999751	-0.112030984
G000154565	-0.061041831	-0.025477387	-0.059679517
G000154845	-0.128648596	-0.063616205	-0.099122307
G000155435	-0.005608348	-0.013466717	0.036749224
G000155875	0.01772878	-0.0433422	0.040723513
G000156035	0.017055069	-0.018617769	-0.01087276
G000156055	0.057973623	0.006500929	-0.073159152
G000156175	0.027842314	-0.041165231	-0.02759108
G000156215	0.033852219	-0.03942397	-0.042884287
G000156675	0.040177845	-0.010041804	-0.022776527
G000157915	-0.036341153	-0.017356838	-0.08986085
G000157935	-0.003184179	0.019306612	-0.213207643
G000157955	0.020297682	-0.045452718	0.035337975
G000157995	0.007030349	-0.022186502	0.025938337
G000158195	-0.067702198	0.043673834	-0.004856702
G000158215	-0.032117668	0.025232397	0.050929354
G000158275	-0.024137405	0.019034211	0.054116992
G000158315	-0.023037778	0.021339409	0.006539026
G000158655	0.01285968	-0.040681554	0.04342096
G000159055	0.033834273	-0.009330973	-0.029554723
G000159075	-0.039900386	-0.010923591	-0.049527299
G000159155	0.072520723	-0.020827048	0.040648014
G000159995	-0.039197118	-0.011281638	0.020543569
G000160095	0.002517986	-0.012151976	0.031366623
G000160655	0.023725605	0.025275253	0.030107957
G000162015	0.035122225	-0.005898823	-0.030945312
G000165735	0.033580603	0.040723246	0.054599686
G000165905	0.074166152	-0.024220638	-0.073778152
G000169035	0.036228917	-0.031647256	-0.045665621
G000169235	0.008305198	-0.02425371	0.040394567
G000169255	0.033070132	-0.017788696	0.016612086
G000174195	-0.006193463	-0.012264378	0.022827554
G000177015	0.01154815	-0.01964789	-0.02498473
G000177075	-0.045336585	0.004230835	0.015588506
G000177555	0.032880429	0.017512648	0.034401782
G000179055	-0.01040898	0.021668099	0.039118932
G000183345	0.023699317	0.155262296	-0.051086622
G000185845	-0.018819017	0.015645405	0.023284589
G000186425	0.077436305	-0.01964952	0.05671843
G000187895	-0.112642101	-0.042605975	-0.14981485
G000188175	-0.018841793	0.007604589	-0.002865357
G000189595	0.012795635	-0.009888498	0.036092679
G000190535	-0.057914968	-0.021873781	0.014816918
G000190575	-0.057503319	-0.024234376	-0.011332641
G000191065	-0.005256562	0.017088965	0.021169899
G000195315	0.042098288	-0.042461362	0.044729194
G000195635	-0.018794217	-0.020821764	-0.053458918
G000195995	0.023560584	0.148509873	0.059489831
G000205165	-0.067717356	-0.025500521	-0.079129999
G000210055	0.036467403	-0.035543859	-0.020251676
G000210575	-0.126390497	0.010870489	-0.061931983
G000218235	-0.013702876	0.021443669	0.050082766
G000221545	0.026320747	0.049779753	0.053489614
G000225345	0.012100191	-0.020262006	0.03428094
G000225705	0.030628432	-0.043183347	-0.008526532
G000230275	-0.007370401	-0.016746062	0.042229023
G000233455	0.008266067	-0.017729934	0.016676654
G000233535	0.040210758	-0.051055142	0.028759755
G000235885	-0.013042074	0.00342138	-0.076176009
G000236865	0.046499356	-0.033103778	-0.034942339
G000239695	0.036032358	-0.033069471	0.028680269
G000240185	6.50E-05	0.150592224	0.071577407
G000242335	-0.006736631	0.018420694	-0.000246484
G000243215	-0.059466096	-0.023152044	-0.003331649
G000245775	-0.007891501	0.073815946	-0.016248899
G000250875	0.003448446	0.01978859	0.046173259
G000262545	-0.017968748	0.01484286	-0.019325228
G000265365	-0.076212819	-0.003628686	-0.011655067
G000283495	0.037579759	0.033684969	0.027879461
G000296465	-0.102376889	-0.019612522	-0.052954656
G000296505	0.043127672	-0.04039454	0.039067942
G000297775	0.005021159	0.032009983	0.063515844
G000299455	0.014919844	0.152168999	-0.058509038
G000304215	0.093427282	-0.040687381	0.027823932
G000307375	-0.016555597	-0.010099888	-0.085620075
G000311845	0.035532322	-0.034979612	0.021642017
G000311925	-0.066160963	-0.015399299	0.023498452
G000312145	-0.110161642	0.002475922	-5.59E-05
G000315485	-0.048127822	-0.004306594	-0.049802453
G000318135	0.052286006	0.043623862	0.055662914
G000321165	0.032837714	-0.037499546	-0.008519965
G000347695	0.077821825	-0.0242538	-0.010841267
G000371705	-0.005230198	-0.026704467	0.009655768
G000372405	-0.03231922	-0.00212676	0.007791104
G000373885	-0.104381126	-0.020305285	0.018181304
G000374405	-0.039868744	-0.003576595	0.021487222
G000374585	-0.078177363	-0.031553459	-0.025037247
G000376885	0.063370994	-0.036721648	0.025573773
G000378745	-0.038080267	0.000876677	0.033740625
G000379965	0.00402739	0.011843155	0.032202834
G000381365	-0.095717134	-0.051944249	-0.028049148
G000398925	-0.010072442	0.007945361	-0.081978481
G000403295	-0.006287095	-0.022281222	0.043255491
G000411515	0.007752402	0.025315006	0.035519682
G000425005	0.015552605	-0.018243988	0.036971633
G000426565	-0.009598943	0.024062254	0.013020935
G000426585	-0.033992945	0.001821479	0.031488302
G000427365	-0.045866846	-0.003137375	0.021334405
G000428565	-0.028155113	-0.024729376	-0.070168753
G000430525	-0.042300869	0.002034695	0.018424848
G000431015	-0.012922558	0.008666592	0.046158242
G000431915	-0.003628627	0.016398618	-0.082366642
G000432615	0.016543873	0.0410559	0.061842646
G000433375	-0.132022383	-0.011939647	0.009623116
G000433575	-0.067831121	0.0038558	0.042654291
G000433955	-0.023849914	0.022873826	-0.092088091
G000434515	-0.006078274	0.020809241	-0.081057764
G000434535	0.042293211	-0.034851334	0.028259366
G000434735	-0.061677254	0.004216634	0.034368719
G000434855	-0.087257052	0.041976201	0.001344046
G000434975	0.002099165	0.013698629	-0.059918142
G000435075	-0.042589688	0.026076898	0.05142154
G000435635	-0.023706753	-0.017812984	0.021463622
G000435735	-0.043440272	-0.014202148	0.037408182
G000436035	-0.002995803	0.02168485	-0.049851249
G000436055	-0.107196716	-0.040187233	0.004749519
G000436135	-0.024459284	-0.006609565	-0.11985346
G000436295	-0.043656403	0.008602966	0.049232387
G000436435	-0.0526614	-0.005307998	-0.064349657
G000436795	-0.110190769	-0.039485428	0.021859586
G000436855	-0.09485078	0.012023144	-0.018851882
G000436895	-0.170305195	-0.016627317	-0.048997322
G000436915	-0.003902557	0.011739858	0.017179249
G000437535	-0.004123229	0.026862975	-0.000622142
G000437675	-0.010897107	0.020046282	-0.04076992
G000437995	-0.046712265	-0.012356725	0.026884138
G000438035	-0.022882519	-0.004224182	-0.145072467
G000438395	-0.13930925	0.015626847	-0.058972889
G000450985	0.007580696	-0.061731196	-0.05149863
G000455225	0.041295965	0.047734578	0.043826537
G000455445	-0.029262635	-0.014976305	-0.008238027
G000468755	0.053328533	-0.047770011	0.04101623
G000468855	0.042117155	-0.040347636	0.040574134
G000469445	-0.013542112	-0.017009156	0.035109981
G000478965	0.038394277	0.041834714	0.054845737
G000499785	-0.043123474	-0.005136121	0.016036545
G000511775	-0.033569579	-0.014011297	0.007505437
G000512915	-0.037905875	-0.027106333	-0.002956363
G000517545	-0.084022914	-0.023220676	0.056013396
G000519105	-0.103491583	-0.027689065	-0.007038047
G000526735	0.015031299	-0.010713066	-0.085734766
G000565075	0.049132771	-0.046760182	0.039089196
G000585355	-0.005808481	0.02335618	0.031266353
G000598465	-0.017523754	-0.023417645	0.001362789
G000598965	-0.018799936	-0.023032985	-0.001660352
G000599385	-0.019621147	-0.020426113	-0.061041082
G000613345	-0.029857026	0.001174064	0.026192379
G000613525	-0.005368037	0.022771833	0.007071365
G000613785	-0.004823983	0.02267847	0.031986062
G000613805	-0.057854689	-0.026671237	0.040529718
G000613925	-0.01206017	0.019080127	0.031223882
G000613985	0.000651355	0.017191225	0.02501881
G000614145	-0.056638012	-0.023909645	-0.031524983
G000648515	0.003728565	0.146629369	0.047763788
G000686565	8.53E-05	-0.072800988	-0.036176202
G000694955	-0.013631443	0.018487911	0.024849205
G000702025	0.013857241	-0.061052324	0.035898815
G000737845	0.079584775	-0.037761129	0.050759186
G000737865	0.080099184	-0.034344927	0.023613391
G000738005	0.083346456	-0.037214003	0.040725117
G000741135	0.078871199	-0.022754178	-0.016537329
G000741165	0.07652489	-0.021855664	-0.095305562
G000741175	0.12937853	-0.020976771	-0.217680053
G000741205	0.085816766	-0.027924648	0.023262886
G000741215	0.085790717	-0.034154102	-0.050853916
G000741255	0.08514529	-0.029875285	0.021147702
G000741285	0.080942627	-0.027995352	0.007449946
G000741525	0.088150027	-0.036306788	0.027846245
G000741575	0.072313306	-0.021782778	-0.018902086
G000741645	0.081376712	-0.029681797	0.009296143
G000741695	0.075539042	-0.037880145	-0.175739428
G000741705	0.087407999	-0.040909268	0.032449924
G000741715	0.082428065	-0.033626457	-0.063429977
G000741765	0.087507374	-0.04196409	0.024177
G000741775	0.07867434	-0.027983301	0.006814894
G000741785	0.069360004	-0.006503302	-0.161050443
G000752675	0.049883843	-0.046193597	0.021699967
G000758925	-0.033641556	0.001689872	0.01099658
G000762865	-0.011592313	0.01306351	-0.005108235
G000763135	0.021590708	-0.066562541	-0.090072413
G000765235	-0.009959559	-0.005153375	0.030249786
G000767175	0.01694472	0.011767757	-0.066576865
G000768955	-0.031364313	-0.020742569	0.040882217
G000777575	0.0261266	0.158249586	-0.024191501
G000777875	0.01478878	0.151940943	-0.011517208
G000778805	0.027594058	0.159150523	-0.000899862
G000779535	0.015953383	0.151311219	-0.026340895
G000781475	0.02714468	0.15856406	-0.024865966
G000784965	-0.008352386	0.130171348	0.010116916
G000800475	0.074962855	-0.021411686	0.003166693
G000803105	-0.028782049	-0.019706488	0.011592255
G000814825	0.02664526	-0.036019698	0.004510853
G000821265	0.034177583	-0.031218425	0.003155441
G000832075	-0.050852081	0.018013685	0.053554224
G000834015	-0.005508379	0.020302378	-0.020361031
G000944855	0.015504072	0.153409543	-0.050877879
G000969835	-0.055795297	-0.028167693	0.025932437
G000980235	0.013998435	-0.04057754	0.02855275
G000982825	-0.000628964	0.115297884	0.093046126
G001022135	-0.053391851	0.007673678	0.045430117
G001025155	0.088230032	-0.032274693	-0.041354496
G001025175	0.077060966	-0.026452886	-0.059112777
G001042595	0.079072104	-0.025768735	-0.015532654
G001042635	0.087959896	-0.026200083	-0.084104907
G001042675	0.083609251	-0.034442467	0.048912871
G001042695	0.033809305	-0.001764557	0.035279076
G001045675	0.039271575	0.048760605	0.038314291
G001244495	-0.053127433	-0.013179064	0.055664637
G001262015	-0.000172929	0.018090323	0.01643476
G001263395	0.087691184	-0.038977075	0.031842731
G001275135	-0.064568351	-0.021864084	-0.044731248
G001283625	0.015201002	0.151617558	-0.051603121
G001294745	-0.015402228	0.018601046	0.057557196
G001305115	0.025324671	-0.037773728	0.040868392
G001305135	-0.065430137	-0.047265483	-0.018800181
G001314975	-0.040565832	-0.007217143	-0.018274718
G001314995	-0.043382554	-0.007249992	-0.063599717
G001318345	-0.048259907	-0.013476271	-0.02942686
G001398415	-0.002906199	0.032307165	0.000698764
G001403595	-0.030443778	-0.007862077	0.026124402
G001404455	-0.007285828	-0.036906809	0.046626597
G001404695	0.033527346	-0.034744964	-0.044611491
G001405375	0.030663693	-0.030297703	0.002516565
G001406335	0.025738277	-0.034570648	0.039882273
G001417815	0.062655837	-0.001873352	-0.216341404
G001444445	-0.003132756	0.017528792	0.042124365
G001454945	0.009597529	-0.035768555	0.03878855
G001457795	0.038959652	-0.026936593	0.029404737
G001481375	-0.008668954	-0.045794458	0.041801963
G001494635	0.046934594	-0.047116697	0.025390974
G001512635	0.035455802	-0.000672713	0.030863106
G001543405	-0.014067296	0.015509767	0.043896763
G001552785	0.052041117	-0.037913818	0.036327071
G001558935	0.034683608	0.092488001	0.069858819
G001584645	0.012905104	0.018863743	0.057915393
G001683355	-0.009837069	0.015266069	0.025590674
G001688625	-0.069546383	-0.002408881	-0.084902831
G001701255	-0.051453735	-0.076157224	0.028476093
G001854465	-0.02252491	0.029683355	0.061930856
G001915415	-0.057464893	-0.030431023	0.027404105
G001915435	-0.017100876	-0.013244798	0.007317676
G001915455	-0.053757085	-0.013369576	-0.039864737
G001915495	-0.111435393	0.02289394	0.013140166
G001915575	-0.074564175	0.006550238	0.024894787
G001915655	-0.053908464	-0.024559869	0.010588509
G001916615	-0.025663775	-0.061131245	0.048077235
G001916865	-0.019318254	0.003845037	0.02647188
G001940855	-0.062366959	0.020590797	0.056653642
G001941055	-0.021269565	0.067080062	0.037811217
G002032965	0.000173732	0.146009354	0.076132222
G002159555	-0.044038519	-0.012311851	0.045770827
G002159625	0.021015384	-0.066452818	-0.026428025
G002159645	-0.018282515	-0.01966241	0.020325933
G002160025	0.017310808	-0.024219887	0.03723141
G002160065	0.037826547	-0.043509747	0.011046688
G002160755	0.020502892	-0.015105699	0.037870304
G002160895	0.015184996	-0.018965762	-0.022042003
G002161065	0.017954843	-0.029384754	0.03898327
G002251205	-0.00472721	0.022636223	-0.061090122
G002251365	-0.012174735	0.009908035	-0.01462196
G002251435	-0.006995951	-0.001945999	-0.0181902
G002259585	0.083365911	-0.03919648	0.045873731
G002259605	0.078889294	-0.029694927	0.000209924
G002259685	0.073205052	-0.030788261	-0.059777653
G002259795	0.082608423	-0.035250825	0.054204359
G003014445	0.018446328	-0.050711835	0.044023408
G003072045	0.009856424	0.157095158	0.06283694
G003315635	0.083154695	-0.042541062	0.018727098
G003324125	0.019767317	-0.019404928	0.002497456
G003340315	0.061057677	-0.031297082	0.045819508
G003432035	0.0083974	-0.006347908	0.024029994
G003435055	0.078675404	-0.037516306	0.051518269
G003438995	-0.063647014	-0.019712669	0.039355588
G003467125	0.036606489	0.045848536	0.049059265
G003467845	0.01413947	-0.013095929	0.023551727
G003478165	-0.036161787	-0.048546313	0.023883521
G003478285	0.01434528	0.002061261	0.030870634
G003478355	0.027631996	-0.026332036	-0.026152882
G003479825	-0.055941639	-0.034373603	-0.040537011
G003481825	0.032220824	-0.015770262	0.027807923
G003490145	0.012523888	-0.014903815	0.042231387
G003601895	0.08246468	-0.029578511	0.046356781
G003762615	-0.075760053	-0.01585242	0.049418248
G003762715	-0.03210791	-0.050304381	0.030001151
G003762745	-0.011307835	-0.013679304	0.019184683
G004102775	-0.023649097	-0.012266959	0.030811002
G004102785	-0.043364398	-0.000813894	0.008827826
G004102805	-0.009315772	-0.01260458	0.018445208
G004115465	-0.051674148	-0.014963999	0.013604625
G004127505	0.042142677	0.095041144	0.064992356
G004552135	-0.019012005	0.001562523	0.031870006
G004553245	-0.011844	0.009609873	0.003645919
G004553345	-0.004794813	0.023581271	-0.020809024
G004553635	-0.018907267	-0.001587097	-0.034412873
G004555055	-0.058127392	0.014344046	0.044706422
G004557415	-0.000236098	-0.005364149	-0.016605356
G004557545	0.030265951	0.016161871	0.054737011
G004557655	-0.002999284	0.055534474	0.025486596
G004558425	-0.029364067	-0.030177128	0.032178803
G004561445	-0.016832574	0.039100455	-0.014338296
G004561455	-0.00274053	0.028288918	-0.055092998
G004562255	0.003272604	0.008094849	0.033120005
G004562975	0.053814698	-0.020436907	-0.005498516
G004563195	0.018174444	0.022165665	-0.004727797
G004563615	-0.029896301	-0.007251922	0.007297625
G004792655	-0.02370298	0.006101622	-0.008915134
G004793665	0.054208036	-0.026479597	0.001435385
G004803695	-0.063395273	0.020498243	0.062044949
G007293315	-0.040626847	0.028786546	0.025513307
G007559425	-0.054015708	-0.003337583	0.040964843
G007998125	0.014376107	0.14981277	-0.052403746
G008273775	0.01599452	0.152866791	-0.059212493
G008667375	-0.03803871	-0.035198317	0.025761493
G008679325	-0.030966821	-0.004131859	0.023300543
G008698165	0.148943775	0.011129786	-0.149097271
G009695875	0.069764881	-0.04063918	0.029605236
G009696045	0.007403924	-0.01423721	0.038552172
G009696565	-0.025663684	0.001316239	0.013577967
G009774865	-0.016847391	-0.011431559	-0.000318288
G009831105	0.020871846	0.008113344	0.047205701
G009929575	-0.050173813	0.006139102	0.030089548
G010537155	0.019924676	-0.022590432	0.036467746
G010592515	0.014770678	0.162634711	0.055157019
G010667615	0.08052677	-0.021528671	-0.026334035
G011959405	-0.034750322	-0.02229219	0.031136842
G011960185	-0.037429528	-0.016905278	0.002264671
G012102505	0.022107028	0.167741433	0.045083971
G012161415	0.015811413	0.153613287	-0.008848082
G012357415	0.014546715	0.148036678	-0.048753482
G012932365	0.084182116	-0.024689131	-0.087147728
G900021155	-0.046479719	-0.001200337	0.024648361
G900046475	0.037188565	-0.03730491	-0.016302116
G900066135	-0.011162825	-0.015047761	0.017053199
G900066445	-0.085717755	-0.031958561	-0.024905386
G900066505	0.003768293	-0.027426316	0.025141448
G900066525	0.019091295	-0.023863899	0.008769781
G900066655	-0.0320357	0.000436684	-0.05383086
G900079775	-0.010790559	0.01465393	-0.086747009
G900086585	-0.003783787	-0.010760932	-0.021608317
G900091655	-0.045772149	-0.008818595	-8.30E-05
G900094885	0.086977171	-0.031007445	0.032062745
G900101655	0.026712668	-0.019174087	0.031348584
G900103425	0.08466015	0.057482818	-0.064732741
G900103535	0.034975644	0.057623315	0.051420637
G900104615	-0.10113412	-0.088468188	0.018836351
G900104675	0.012842228	-0.026822082	0.025590368
G900106785	-0.002597441	0.02671063	-0.070545199
G900106855	0.0361389	-0.032227776	0.030022988
G900108345	-0.073675903	-0.035208348	-0.04112437
G900113155	0.049496365	-0.063449179	0.043528727
G900119895	0.034392118	-0.035741658	-0.026797762
G900128475	-0.027411823	0.010940881	-0.098205527
G900128485	-0.088871499	0.043686017	-0.002317974
G900142265	0.016973707	-0.015169871	-0.017034489
G900143685	0.058672927	-0.019875282	-0.054630144
G900148495	0.017143705	-0.0114897	0.028703519
G900155635	0.041257945	-0.048135203	0.030317374
G900169495	0.060395079	0.001743638	0.026073329
G900169975	0.001640429	-0.034524197	0.018076835
G900176655	0.045229006	-0.027191552	-0.028043586
G900199495	0.02035664	-0.055121122	0.021043124
G900227605	0.014883955	0.150847137	0.010494953
G900240225	-0.04318744	-0.007716115	0.022077629
G900291465	-0.045053361	-0.029755568	-0.015922002
G900312975	0.037133619	-0.011049298	0.026845042
G900538745	-0.027826765	-0.053228141	0.041556085
G900539795	-0.010838939	0.030947733	-0.053099295
G900541935	-0.022722624	0.021622714	-0.024035742
G900545025	-0.029200408	0.020687479	0.004087735
G900548875	-0.077095356	-0.061905204	-0.00536952
G900551515	-0.030211481	-0.039079308	0.031382366
G900604335	0.014360218	-0.006796499	0.039376857
G900604355	-0.052742115	-0.037839166	-0.020866937
G900606105	0.038359665	-0.039367365	-0.044743927
G900683765	-0.036326547	0.011460729	0.026640159
G901212675	0.088569531	0.003930361	-0.08426644
G902167945	0.007398547	-0.037676045	0.03537237
G902167965	0.014005342	-0.014798168	0.020174707
G902363025	0.013741481	-0.010871848	-0.016923765
G902363075	0.014262716	-0.025203717	0.011832374
G902363425	-0.097525143	-0.025559607	0.042669371
G902363565	0.005289762	-0.015779549	0.020097491
G902364485	0.011209864	-0.039807069	0.04277361
G902385285	-0.03066318	0.001515464	-0.073240722
G902387315	-0.061287497	-0.149409276	0.015048646
G902501965	0.04072779	-0.03013837	-0.041523354
			
Site	7	3	
14577.TB.TP1	-0.173625927	0.500121779	-0.714996393
14577.TB.TP2	-0.593719624	0.286325588	0.450733811
14577.TB.TP3	-0.460235927	-0.72980318	-0.153143452
14577.TB.TP9	0.301727002	-0.045586121	0.04699734
14577.TB.TP7	0.260859238	0.101019011	0.46643974
14577.TB.TP6	0.219941239	0.185539203	0.089426302
14577.TB.TP8	0.445053999	-0.297616281	-0.185457348