Eigvals	3
12358.685056102582	138.40395114876122	136.1827992355115

Proportion explained	3
0.97826479517022	0.010955511230091192	0.010779693599688497

Species	624	3
G000006865	0.03292985000738514	-0.007766921128482053	-0.013896803107974068
G000006925	0.010318455787406049	-0.03756972906138151	-0.038256796946522474
G000007145	0.05084099677690791	-0.010119793916990192	-0.0205435352466354
G000007325	0.023167000259355593	0.003394666098098919	0.007484003324457401
G000007525	-0.09236480355043011	-0.1017211016171069	0.005736670423148329
G000007785	0.03296004063696895	0.010353224452756944	0.007580737015473897
G000008865	-0.004180501042667316	-0.09356477829287553	-0.005571195901889044
G000009925	-0.03785342981410943	-0.07370629340457543	-0.05173094636188484
G000010425	0.025382926672331396	-0.035165031880684414	-0.008114226834429611
G000011065	-0.07562770927754911	-0.10626569952461416	0.000994963869279834
G000012005	-0.019501679088021633	-0.02024410727923269	-0.046800725599218176
G000012825	0.04087953498611855	-0.06839745765868142	-0.10166115277944032
G000012845	-0.030128123216484715	-0.1013007510606274	-0.0683858944919573
G000013285	0.025505219135929402	0.009183954598861907	-0.023312404698540096
G000014205	0.017150274386883914	-0.001195476577652593	0.0038988238006419916
G000020225	0.002967009618812456	0.02853541452103167	-0.05788397653619127
G000020605	0.027955110528622863	-0.014526212457132601	0.01806992315664147
G000022965	0.02156959078615199	0.007506423132351234	0.008866910323526947
G000024945	-0.06119082889594856	0.06217254384638356	-0.004444202098647214
G000025205	0.03775622767879928	-0.01456973070583423	0.054767219013925776
G000025305	0.0294962214675434	0.0026619483139558786	0.00587423009303053
G000025565	0.027932407007481806	-0.010585675904555319	-0.022304358547261337
G000025925	0.0022225747650490737	-0.0036761320619242564	0.05663036503281087
G000026325	-0.04463887622934613	-0.10419887242486872	-0.00677632096181597
G000026345	0.015827812179597885	-0.06100812279273042	-0.014178474899585824
G000144405	0.034174373212763835	0.006813059695486245	0.0034682496803325543
G000144625	0.028503415903217935	0.003403397591040012	0.0048010373957175535
G000146675	0.0031696689762981596	0.026405424331740753	-0.005423072351445467
G000153905	0.02993029616159739	0.008744519489495988	0.01527100050486106
G000153925	-0.10752652657432729	0.07868675353383704	-0.01847614432595434
G000154065	-0.03874110746544445	0.05098024861131243	0.018026711884402448
G000154205	-0.006538484584618087	-0.1013859647927978	-0.06501747563415135
G000154245	-0.00928185437479382	0.032217746682260476	-0.01030562030181361
G000154285	-0.022791824869578356	0.040895953076977146	-0.01153293778534777
G000154305	-0.03549139898335438	-0.0435996012752767	0.13919589546846148
G000154345	-0.013771444952168083	0.0052005618358809316	0.01527958877033438
G000154425	-0.004259280183255338	0.022601053408107252	0.0365873783177469
G000154465	-0.11045383573648819	-0.10560629203718039	0.0019991632856089653
G000154505	-0.007814059467585826	-0.007411224069385634	0.0770950079784003
G000154525	-0.0016003469583129176	-0.11491098440111043	-0.08355650297056391
G000154565	-0.027528456463080726	0.04343454095870472	-0.08942833339383993
G000154845	-0.011688077010240919	-0.10365228816496463	-0.06308503916809015
G000155205	-0.057320675251732935	0.06426196457936052	0.004564723904516986
G000155435	0.009411957970547493	-0.0006472459167143542	0.00019692116119181044
G000155875	-0.04081602939936546	0.05284039880027806	-0.021835492193307444
G000156035	0.03412827034571823	-0.013690531311660144	-0.0027155752753159406
G000156055	-0.10915403596226393	-0.10153563547898092	0.004464533959042597
G000156175	0.03363361769702304	0.013089469660666472	-0.030827448934367205
G000156215	0.02734502603349599	-0.01692977372246724	-0.015012012341077846
G000156535	-0.021521838325390136	0.04089329676654653	-0.02278395377465102
G000156655	0.011461011582446735	0.011662473317351594	0.018437569441841488
G000156675	0.022086180946200358	-0.003151914644103587	-0.008623784898764468
G000157915	0.026595150037377734	-0.0049869189759392035	-0.08962628067459584
G000157935	-0.026786847366641702	-0.1335051388409542	-0.07449310943629817
G000157955	0.03554273296580564	0.0041834723679766185	0.01838362231272507
G000157975	-0.026604219933521044	0.016904677087490043	0.051728009248539215
G000157995	0.02679524846572769	-0.020014648441111945	0.01964703153046531
G000158075	0.01814394145385149	0.008673203427293929	0.001269788230627102
G000158195	-0.014168918244163184	-0.09196847838094606	-0.052126883408371426
G000158215	-0.009621810120129968	0.03325684972710993	-0.0323455633762534
G000158275	0.036414891245227336	0.007156843471975781	0.0018869011709265215
G000158295	-0.005726264407802295	-0.024442221441778083	0.08755842056909606
G000158315	0.022253045041048965	-0.006237322300253312	-0.016601496035400884
G000158655	-0.02588628725082877	0.0398007315246781	-0.02138502731984703
G000159055	0.036268188313054145	-0.004337162097499541	-0.010042828717810438
G000159075	0.039723099750712615	-0.0020555637997200444	-0.04058369293729244
G000159155	-0.05847155897998494	0.04292662955305256	0.04437818090182962
G000159995	-0.0008876864085365095	0.021788263308564055	-0.02894937249457629
G000160095	0.01408553111919536	0.015086465348483626	-0.020100604098548403
G000160535	-0.047140668603708705	0.029336698834624277	0.012477160155134597
G000160655	0.010104167956608652	0.005327111261985893	0.002933040019121784
G000162015	0.03289657846842307	0.004303431857715626	-0.02746657179540007
G000163515	0.018413452692780125	-0.007858150132175341	0.051110957473111215
G000164865	0.039629583658132184	-0.017111129469523364	0.06370419782467605
G000165735	-0.11512675009086358	0.10391904078492271	-0.045662534563457556
G000165905	0.04112144629390472	-0.007982738149800807	-0.023128439787934114
G000169035	0.03104663951568073	-0.0035754096374385424	-0.02267149395487256
G000169235	0.007191517589422788	0.016110315785480455	-0.004696656059039269
G000169255	0.013652005869424522	-0.016432834120446434	0.0188081348200486
G000173795	0.014417501410974932	0.008335276042613401	0.002093870918734912
G000174195	0.018318663733622877	0.005698981914894278	-0.006120174689352987
G000174395	-0.008912038293581531	0.03695462811601353	-0.011055237607119434
G000177015	0.023827631358210324	0.0011097306346989863	-0.02641680432260112
G000177075	0.02410647022289606	0.021085405730999398	-0.04097060187077187
G000177555	0.01658143987437247	0.015004960370536656	0.02616386852092253
G000179055	-0.0673775834046188	0.025624879531423225	0.0018691255888007286
G000183345	0.028316926719054954	0.008123051632216678	-0.07160131835588116
G000185385	-0.027950576684295476	-0.005490216132103326	0.02643895503283146
G000185845	0.012383200498533245	0.01735211327875922	-0.012780546903152844
G000186425	-0.00350086008542419	0.025995716862520887	-0.005329731265089386
G000187895	-0.011024790403897068	-0.11787323443080779	-0.08077894877883791
G000188175	0.023385907626111053	0.014881370650406709	-0.01628523203517987
G000188195	0.0014387936459001108	0.026991494595512908	0.009422264558891238
G000189595	-0.06250703260543003	0.0526955076306829	-0.06315824143489722
G000190535	0.051532246890139875	0.011951021623278914	-0.03120004315649965
G000190575	-0.00128157546968417	0.018920062594760218	-0.05459880248344207
G000191065	-0.003758591369470013	0.03381694332132672	-0.02766334695025482
G000195315	-0.033478625957665015	0.03310451096801667	-0.0014839894599131395
G000195635	0.016426296027359986	-0.01760884300759185	-0.027528704453846066
G000195995	0.037058744371051854	-0.007871378637146225	0.011152990802134324
G000205165	0.04088302570375685	-0.02186122875799063	-0.04725800046759098
G000209385	-0.016729071913425833	0.004190997498683154	0.05891082916656081
G000210055	0.02411999000917321	-0.005307680736868837	-0.0028129389990100163
G000210555	-0.03628514790692575	0.00279831826368596	0.04438281934013173
G000210575	-0.06400509302860395	-0.08997461205846725	-0.0009582740864682271
G000210615	-0.054050353461509874	0.0634416916743034	-0.01825175267220783
G000210635	0.014725308137463075	0.04114820888092113	0.08644137513053411
G000215745	-0.003886524968528809	0.02600170073739373	-0.005146034400499433
G000218235	0.01610448328882245	0.002044367575767174	0.052381068272227826
G000220255	-0.05874246157173747	0.038016628942646305	-0.004051025742184345
G000221545	0.033014480472704465	-0.011256802000543563	0.06877467521525701
G000225345	0.021948823102617886	0.008590418499594823	0.010580743258253204
G000225705	-0.030103707581433353	0.04173393058427834	-0.05559357556268286
G000230275	0.04041171157609925	-0.031088201161541866	0.07922112329790298
G000233455	0.0228895007558892	-0.007909290293134209	0.0008028736226123838
G000233535	-0.03893896105816933	0.02984408658047631	-0.007219094982671399
G000235885	0.022706609203664362	-0.044784107148607394	-0.015162208202171568
G000236865	0.033392584973891866	0.0024745670808679235	-0.01970754435575197
G000238215	-0.026918710953598685	0.00993163784073861	0.015338681475569759
G000238795	-0.02285328051671376	-0.008220179072182721	0.0929789238255426
G000239355	0.03904018588984752	-0.03307944751504913	0.08293465283543684
G000239695	0.031178713831382893	0.0029927865204645143	0.008704527080018813
G000239955	0.020599306946512755	-0.03140166703336782	-0.014817221633485554
G000240185	0.04035136560861777	0.008937301936888398	-0.030487200759006038
G000242215	0.03646782895328479	-0.009520616178550776	0.051610825529870404
G000242235	-0.03432071866386601	-0.04070976148125279	0.1393652895295632
G000242335	0.052724818139057036	0.00808537625887165	0.00033456538164254774
G000243215	0.038714561435198476	-0.022926750190345818	-9.27169600721179e-05
G000245775	-0.04195112024794811	-0.08382712077279776	-0.052597275474850096
G000247895	-0.0052165916923937955	0.007071128678473629	0.003603781816687083
G000250875	0.031313732433514686	-0.012483486004893579	0.050111952379436095
G000262225	-0.0655781738370795	0.04423849954800942	0.003359086107668058
G000262545	0.025206285696465443	0.013296280244374261	-0.03195229817433081
G000265365	-0.08913778014298047	-0.09343081019574014	0.007652667939485917
G000269805	-0.01742206906054942	0.0038967717730089887	0.02828418512247845
G000277715	-0.016275610853859628	0.04071978833500147	-0.011864511959413971
G000283495	-0.04948442997865195	0.011512889077296157	-0.02237828864910345
G000285455	-0.005591286788157925	0.029164578309231994	-0.02463718024030038
G000296465	0.016928483004913838	-0.06535402080583652	-0.04315886049900854
G000296505	-0.07179691025899787	0.04291489744140718	-0.004997438095949887
G000297775	0.027933853981134054	-0.0066083685160692055	0.0471428318096639
G000299455	-0.026430405615726887	-0.11681537908040557	-0.01890760595407462
G000304215	-0.0019792645727970543	0.02427453423124664	0.01103891934087504
G000307375	0.02780397579734442	-0.05127874773322929	-0.05880869164964867
G000311845	0.04526131376573778	0.008166234677387727	0.016480069732721446
G000311925	0.03551650416327077	0.011235119699172064	-0.020185411376976672
G000312145	0.04386937501219196	-0.004815735472791855	-0.01596491984054265
G000315485	-0.11105776890817796	-0.10524019007369903	0.0010469505965895786
G000318135	0.0021935698090345835	0.02365535583112503	-0.014311818462760667
G000321165	0.041018081280492114	0.015797761077828643	-0.012351674037327315
G000321205	0.02021063831279008	0.00372317637364594	0.04450103438389472
G000327285	-0.007979482388646134	0.027757598035237908	-0.004739472982584231
G000337735	-0.045784653678436406	0.07235975694089468	-0.009282442040531344
G000337895	-0.010946254179091074	0.02005162168573356	0.038357151526334086
G000347695	-0.011404086367289878	0.02383577337133598	-0.02896276606900063
G000349975	0.0070742396108376925	0.0002432338240193231	-0.009293731856243966
G000371705	0.042463584512544096	0.023986104257502753	-0.027200735038472153
G000372405	0.02617103864109028	-0.011358577018918185	-0.009983867259009745
G000373885	0.028532592536099775	-0.014755434257100719	-0.011158897631312378
G000374405	0.04527059993484309	0.011800967485899448	-0.02065702537835828
G000374585	0.04516041635917272	0.00783145124100153	-0.039210988834185806
G000376885	-0.09750713497730651	0.04247333572181801	-0.025408056993593723
G000378745	0.01941674321630399	0.01937611290051396	-0.021008621239688212
G000379965	0.035540756094966874	-0.018710100626676003	0.05190965342944995
G000381365	-0.053430325805711984	-0.10394346328488181	-0.05435680551119639
G000381725	-0.06885932445094968	0.06810959976723716	0.00972334325566359
G000398925	0.03766400823448847	-0.04183859984432538	-0.005882522656405879
G000403275	-0.03528314192815038	0.04972456796862985	0.0171271073418856
G000403295	-0.0367516480608392	0.04273885707937618	-0.02357713695244837
G000403455	-0.06924492650028516	0.06619816004514076	0.008151911957834657
G000411515	0.03864351231812232	0.017587600019687517	0.003183694248453663
G000423385	0.02754008031377116	-0.01149462968802109	0.00819655803017605
G000425005	-0.006497748837978136	0.002918057809870474	0.02361531472172028
G000426565	0.02955126499010407	0.010663018550755708	-0.0007128829582464555
G000426585	0.010434040333091458	0.003567816391960066	-0.009505606706662898
G000427365	0.009690912442252309	-0.027916517916574735	-0.005752090980445863
G000428205	0.03689051283277262	-0.01576106488738354	0.06279705466910898
G000428565	0.06287372003363773	-0.008510358212496218	-0.037403361602428055
G000430525	0.008713190624916545	0.01550783207855498	-0.034728079937191805
G000431015	-0.029607095276309135	0.04956101344142733	-0.017740012872181934
G000431175	0.05551644486381964	0.02194469673951532	0.0072075765940800285
G000431495	-0.002847612051157627	0.031640249328002204	-0.0011166382903847595
G000431915	0.018647827740194613	-0.0464587429504456	-0.007469302504017526
G000431935	0.02768795925795381	0.03815132147360549	-0.03072020136799901
G000431995	-0.02964595521616719	-0.03549507877768148	0.12231552532246445
G000432055	0.021226058133022873	0.020138415275487365	0.010429032893069654
G000432435	0.0009946871465275895	0.014351935253761765	0.003813638429395209
G000432615	-0.003083451859529114	0.01870149496283198	0.028612527658590087
G000433375	-0.061124592157728745	-0.08184064085885702	-0.06524076224677439
G000433575	-0.01405751045049035	0.02673941480434011	-0.04832008652162148
G000433955	-0.03506794680197708	-0.11734389484894939	-0.02750968599247602
G000434095	0.014068213510382378	-0.0021518993674323273	-0.012532865572419711
G000434135	0.0019292080661838908	0.03148172768562784	-0.04452236529323655
G000434475	0.016368337130822194	0.040896003042244784	0.08999777342576078
G000434515	0.031776563341585934	-0.01702511160364181	-0.027048208520220066
G000434535	0.016668535960825626	0.00963549290414458	-0.008360922805473334
G000434735	-0.09293100349271656	0.0825224804251444	-0.1006367664951262
G000434855	0.04293417667342421	-0.02235701195896422	-0.018608910103124335
G000434975	0.04896909291847741	0.01115992981335535	-0.033872209606298
G000435075	0.043114964704837194	0.009168720734943056	0.010605025316278051
G000435555	0.01122672161980508	0.01595815209058711	0.02674734001352536
G000435635	0.0031318309229673926	-0.0004984748494547391	0.003452848864167249
G000435735	0.013881713116837556	-0.0005669276281855212	-0.0071427590580465375
G000436035	0.03328568079413417	-0.025520447399949703	-0.011752029783875897
G000436055	0.01731667469892375	0.037568264809629624	-0.06404459735640572
G000436135	0.007554856750168048	-0.0896319425422373	-0.06510837139025458
G000436195	0.04102690609677795	0.017804644258976945	-0.028293081265314827
G000436295	0.044660457389829544	-0.026512004349354402	0.0562514213413218
G000436395	0.04883276595422217	0.01563083968305987	-0.028315456796911744
G000436435	-0.06538427142802657	-0.03220053772503197	-0.05407236097509193
G000436695	0.014062678011448816	0.01837541504706259	0.0026080065818697463
G000436795	0.0194368865393826	0.006666141423174251	-0.039954614863988026
G000436855	0.030028581378348476	-0.0373228166491831	-0.027282407214300614
G000436895	0.010952805818628928	-0.09299616532323018	-0.0388866918303603
G000436915	0.0352274400055568	0.013153052740752928	-0.004081127946532971
G000437535	0.029979696911519135	-0.010199891481861494	0.0002945963595991737
G000437675	0.032005459373876	0.02318690068494589	-0.044077766135271146
G000437715	0.013619832373844176	-0.005290057449274497	0.033677283528765055
G000437995	0.04843614176010769	0.00963324956457911	-0.03861825490601972
G000438035	-0.04068648815606418	-0.11887137300656898	-0.06736404856714158
G000438395	-0.03700607162205211	-0.09041052006074471	-0.08205868048060232
G000450985	0.05108689760551507	0.008923022097837536	-0.03824490781693676
G000455225	-0.047705004949567205	0.05125348869835768	-0.025626622935106567
G000455445	0.032771819056424636	0.005721151420991447	-0.01938736483395833
G000463355	0.016128402132343695	-0.011731190988282085	0.05572635233711097
G000466245	-0.022301392593704544	0.04265319428834528	-0.044996627952750404
G000466465	-0.027004633715173094	0.006155491157894272	0.021810651708471174
G000466565	0.04399061193594157	-0.021730198512373487	0.058484708390391
G000468755	0.04537501931292356	0.034139939826632625	0.07888397776031399
G000468855	-0.12583880925173713	0.08697468545540675	-0.01301863646762369
G000469445	-0.10663942759453349	-0.1041176930375023	0.0003631596036282007
G000478965	0.013728063018086944	-0.047441112221526346	0.10479455601598604
G000479045	0.029687130471831802	0.015156843882539196	0.005626247608106083
G000499785	0.0377002628832721	0.01373029704965815	-0.02863393497328683
G000511775	0.02469439890274859	0.021310909912700203	-0.031131868123598454
G000512915	0.05292518724284195	0.014856390377222835	-0.031042240958977476
G000517545	0.0358635324899958	-0.009820823490512283	-0.003154389322724944
G000519105	0.024059032804298712	0.021527911311430323	-0.054277638677474295
G000524335	0.0395213314457026	0.04182588236169231	0.10230081694661154
G000526735	-0.04481481325541014	-0.11756720849805255	-0.025052115236218708
G000565075	0.020913666546533465	-0.012647791407634732	0.05787427913296859
G000585355	0.008345581148698083	0.017500564920751818	0.016698623120136643
G000598465	0.03566730860590501	-0.0022267535824476332	-0.02917158374637327
G000598965	0.028799401970542385	0.0023195266978443727	-0.034921058159485756
G000599385	0.03979538118383289	-0.018218814489950576	-0.030355233117903457
G000613345	0.0364347700878377	-0.0198203806934967	0.010598758158842375
G000613525	0.0378412588290028	0.022733117239922697	-0.01117930774730407
G000613785	0.032582174503568165	-0.03034672635217969	0.055606638772354076
G000613805	0.017427355262035666	0.013459383497349917	-0.010507619253617187
G000613925	-0.011709182781158423	0.034767104594498485	-0.0067735625312768015
G000613985	-0.014026428283667236	0.03577075347040911	-0.012429811689226774
G000614145	0.03938417885550453	-0.003488403802940047	-0.03254391704345965
G000621445	1.016164152319991e-05	-0.004201771027798531	0.06562118580045481
G000622245	-0.026931372577295765	0.002880895853099114	0.023798905092664205
G000648175	-0.040787356323236615	0.04123447353321885	-0.03323062192462051
G000648515	0.011294736017632012	-0.024956986599856335	0.010188853254094219
G000686565	0.04014607484943551	-0.019651535123162187	-0.033354188350483246
G000688375	0.00719012192568939	0.029598905566860838	-0.015022367782147559
G000691645	-0.06293949693236513	0.061668053978947625	0.005751442722842965
G000691665	-0.03137317483612963	0.009199877739697632	0.07473488873733533
G000691685	-0.030712529172277334	0.012690878727153002	0.0768344398436096
G000691725	-0.03933436522562683	0.012598817545722977	0.07470666751388637
G000691745	-0.023572118786279173	-0.011295273679617178	0.09232207383941517
G000694955	-0.04580842880405552	-0.037796835070379516	-0.09376915614167523
G000701665	0.02412725688084784	-0.022569469478635466	0.07633183844049143
G000701705	0.03573547590931347	-0.022443083337778398	-0.0010871805596665495
G000702025	0.013442969983796588	-0.04815419075786026	0.10055257668685516
G000723745	0.047455511640357835	0.017543754840935583	-0.03601988513373779
G000735365	-0.042385426381441396	0.020170221548015278	-0.020035613634030797
G000735455	-0.12304678793191152	0.07112364592088828	0.004489728156437891
G000735515	0.016884209301658785	0.007898592311805352	-0.008380878593616236
G000737865	0.041467567325820534	-0.0004921264670498598	0.04216187535698041
G000738005	-0.13054578647656423	0.08692722518312548	-0.04071397847107416
G000741135	0.04031802755897112	-0.011281857132407857	0.012714552238093686
G000741165	0.04622725167785939	-0.0207930335294544	-0.01785677972398738
G000741175	-0.02177245601885688	-0.12389720428903184	-0.08908040037778646
G000741205	-0.024707099238285433	0.04527455303133543	-0.014761144238717381
G000741215	0.032784059067455816	-0.01412350355971184	-0.012496177221266879
G000741255	0.033179143555456744	-0.011540782785710794	0.04968944812885232
G000741285	-0.024978332820043032	0.04204336557270477	-0.030846648789185936
G000741525	0.030142462261923384	-0.014475125539819009	0.05299868424362405
G000741575	0.02143911177043969	0.0012213527162555787	-0.004851287959001561
G000741645	0.018075293914678322	0.011121824870041047	0.007199439116512483
G000741695	-0.07147480478304026	-0.13427063558251365	-0.05540444365226252
G000741705	0.04050394843341215	-0.022843116330622932	0.0686067525691771
G000741715	-0.006778653574203383	0.021910354060925834	-0.06243058340267453
G000741765	0.027431485582758052	-0.012005001691803237	0.04485795381487863
G000741775	-0.017979328955323205	0.010764954895795585	-0.004972897800578068
G000741785	0.024277820318905737	-0.09276829962799409	-0.0349289458354658
G000752675	0.028769660026236037	0.004074244872324566	0.00873572522266606
G000757785	0.030031484401665025	-0.011588708244821295	0.04925266604744346
G000758925	0.034689833407074856	0.0025434532808356622	-0.02007259319971712
G000762865	0.015324164311873082	-0.022155324046715743	0.006630996326942739
G000763135	0.03608340229372225	0.015960991357996914	-0.05390117365791545
G000763765	-0.035086911787132975	0.035000341110782734	-0.0030526531092209047
G000765235	0.01349355706647739	0.010435400047439685	-0.013926933150648127
G000767175	0.03579629829250849	0.018685225250285698	-0.04610320078562864
G000768955	0.05043449543004898	0.0017721619037704725	0.004557311940075904
G000775615	-0.02047946996653231	0.0319114839507972	0.0017319929631580378
G000777575	-0.11329181450770451	-0.10400504827863581	0.0007486486160209272
G000777875	0.0011056572306959265	-0.004899987848562333	-0.041638132469344516
G000778805	0.023448037712677203	0.017526444455960997	-0.04946807725307568
G000779535	0.039844449992476404	-3.4696782071054044e-05	-0.041829278019659515
G000781475	0.04968503989626147	0.0327502685232157	-0.0649555580283955
G000784965	0.029224094970700016	-0.01096673434211198	-0.008546679997887156
G000785515	-0.012178276362566742	-0.018895104222441228	0.0565490153809003
G000800475	0.018828364017481065	0.007654618472219869	0.0012055776784319096
G000803105	0.01970107884065089	-0.023937524947092382	0.0026102292016597995
G000813025	0.04341473052164156	-0.02806480335378877	0.07397034358831459
G000814825	0.02554875833521567	-0.00042836097445959334	0.0004169889237787242
G000818035	0.03166703520127589	-0.015774318570438352	0.07647880404175969
G000821265	-0.009756878467657203	0.010261834075047705	-0.01932334325701229
G000832075	0.029154939651350947	0.010844951166685646	-0.009880955699537288
G000834015	-0.06986139245483773	-0.03506473414577611	-0.014329807274285473
G000944155	0.015629682031564417	-0.03063253725246848	-0.04128751377169578
G000944855	0.01031811776978268	-0.026391000840464245	-0.07194802454017271
G000969835	0.03198008203002553	0.004096318651025755	-0.012525356570831413
G000980235	0.030699041120649254	-0.007981352393284024	0.020025987309590272
G000980375	-0.02240080096118516	0.038089604095677174	-0.010393348382988695
G000980495	0.040130315178209315	-0.021145175177135305	0.08462102814744352
G000980515	0.029104505915228892	-0.006431882381786738	-0.014580536387386942
G000980655	0.02160129231728929	0.002239431161949694	-0.0205800975965464
G000982825	-0.03723703979307069	0.04370956386436098	-0.044908375398871034
G001022135	0.023216842461763833	0.01788202107021286	-0.01477637662924525
G001022195	-0.0022226192122144716	-0.04339940812512643	0.015943470878131447
G001025155	0.04575881682531854	0.010700631491300789	-0.02575952591122369
G001025175	-0.02850129374077448	0.03163539884299628	-0.07215439766555674
G001042595	0.031176717058628695	0.0016362224602919744	-0.0038179773264678547
G001042635	-0.09002780273006439	-0.09498233899698683	0.0057434772107061135
G001042695	0.04454141788336942	0.04080411540059424	0.10455710316169761
G001045675	0.03666092784874921	-0.014635544377416834	0.0499057508363273
G001049915	0.03057668682286113	-0.019050366266525648	0.0623233224174934
G001066585	0.03316997152217113	0.0033800440198211747	-0.02509953430358752
G001244495	0.024177223375698734	-0.0015504595138319	-0.003182057540081489
G001244995	0.023577792822453578	-0.006631624214628645	0.055287126107208553
G001262015	-0.015825384278538926	0.03595787347550868	-0.022979397444556085
G001263395	-0.06159170453166571	0.05151863546774836	-0.01910639915645304
G001267865	0.014835639595277235	0.00879489987849441	0.02216742979331036
G001275135	0.034154494750881066	-0.01902079558348421	-0.02763665947771679
G001280875	-0.01285546476043236	0.01047895088957543	0.01606750152577689
G001283625	-0.013812854005028649	-0.11958054015715838	-0.006486752405481677
G001304875	0.026185892158778593	0.012475327682614674	0.04282362000066743
G001305115	-0.026854627788108633	0.030882745359987116	-0.0014302278093436566
G001305135	0.01684047633201903	-0.05347290145301515	0.0016048509219946886
G001308145	-0.11513202164820222	-0.1064116795114488	0.0007945935345434142
G001312505	0.03512132484426352	0.007688175095987268	0.024976590796147495
G001314975	-0.12087764009955165	-0.10608699159750597	-0.0013699870806149173
G001314995	-0.042655679964741934	-0.054363899392226994	-0.025481700689175997
G001318345	0.046540040388603085	0.018705841589305935	-0.044342223065083834
G001398415	0.03521099729245825	-0.025273740662608873	0.013248686930601586
G001403595	0.03349905779300479	0.006601805831499254	-0.006464029390959144
G001404335	0.007787222638856578	-0.005457081264278051	0.057193813467049
G001404455	-0.00892126953003055	0.0076706301984854446	0.003739478739700358
G001404695	0.060913896082946326	0.026243360184831244	-0.03831531915371683
G001405375	0.018972364401687893	0.0025863689791545924	-0.017436732208027772
G001405615	0.003967477602216435	0.01954155614403486	-0.0021693143969060144
G001406335	0.006167233046183684	0.029696128657473113	-0.005158123055832861
G001417815	-0.030294421937188988	-0.12499549440899055	-0.05962832730931023
G001436895	0.03673340692296966	0.004573546954493868	-0.035904585222315655
G001444445	0.0194784893774861	-0.01005623262990921	0.05537738289275071
G001454945	0.011645272733150101	0.01870009583377332	-0.010510583642502519
G001457795	-0.019618938915203724	0.03452832213159629	0.027082630321402804
G001481375	0.020429007644197264	-0.041784074782933556	-0.004331050344589111
G001486665	0.04137748169140558	0.009604295868621479	0.03066084381010032
G001487125	0.03926258782159082	-0.011164496859566383	0.04053387830198382
G001494635	-0.015136886005624578	0.011686633440663832	0.0076529393795414956
G001512635	-0.03072755217989032	0.007539557968500928	0.0578739811919056
G001543405	0.014625847839815641	-0.02127579191413832	0.06692264229211112
G001552785	-0.008156833447511665	0.03139491332574808	0.00691789110672249
G001553935	-0.009617329577939999	0.03911082657248874	-0.017521305688921487
G001558935	0.004161260985384373	0.014954833078968714	-0.0037803247829031115
G001571285	0.03498249036318636	-0.012216443778959248	0.014717538220907005
G001584645	-0.013529574720023595	0.015509211157517133	-0.004215793055357578
G001586165	0.008207995435557544	0.01533224228968076	-0.003620494836341112
G001683355	0.030349500001966217	-0.01867577341513976	0.042999594787154455
G001688625	-0.01797328906207319	-0.11736167623967052	-0.03031005144494362
G001688965	-0.12157231654553041	0.0840351321527499	-0.014896941608057686
G001689425	0.040846935341644325	-0.011561033555959891	0.046608872930402716
G001689655	0.0499723775178972	0.03278394756665177	-0.007606569005231862
G001701255	-0.005279568713580772	0.024255810132138747	-0.030918616242966906
G001701295	-0.08419036429209734	0.015737540400958757	0.10458558011359502
G001719865	-0.017059864351790306	0.018110721335910376	0.004053344162362103
G001854465	-0.0032990384944412716	0.015602703491690437	-0.0006105223299041105
G001855385	-0.02206458226982088	0.008442902328008447	0.01274173995877292
G001884305	0.02739548278393778	-0.06905803050174232	0.02175086629288727
G001899425	-0.017973056838097558	0.009024832492461271	0.059830987655940915
G001908775	-0.020531237761652714	0.010262731884929524	0.009983246883070224
G001915415	0.014671728196821854	0.006146111471753867	-0.013699298672668923
G001915435	0.018840684384835927	0.01976913370472376	-0.04809996943241612
G001915455	-0.11217372888861263	-0.10390055747271908	-0.00046210506814661415
G001915495	-0.12005186622570925	-0.1055840776338376	7.130659127159005e-05
G001915575	-0.005548000317172788	0.005754357056878774	-0.022822499844628957
G001915615	0.014619248972258072	-0.02564655448606482	-0.017629896126252435
G001915655	0.037544284133701915	0.0011025471003275691	-0.01565881122038657
G001916495	0.03979712310386538	0.011081961262773807	0.03502336742534837
G001916615	-0.09085578432538446	0.06238234698596997	-0.04667341398118872
G001916865	0.0012555628803223688	0.0029039922091470176	0.006273337685888881
G001917125	0.010472846088804852	0.00041260298075464566	-0.022790477035629465
G001917135	0.026190266204762842	-0.008457489330564049	-0.008838890957913908
G001940855	-0.0020024906862064953	0.006450924715567583	-0.0075505193756111085
G001940945	0.02545760923433689	0.011746462255898456	-0.02740246611430065
G001941055	0.03191562998113481	-0.018428954701471132	0.01661009819005741
G001941065	0.04293694273905422	-0.02090539090897116	0.047329037804207094
G001941125	-0.0022019237557355897	0.02187595235317616	0.01758952212217531
G001941225	-0.07016748168844734	0.051944443943090654	-0.022977167207676067
G002032965	0.029462435630331168	-0.022141911539362062	0.026064995783024302
G002159555	0.00948770511938652	0.025151556815843325	-0.017124265511930983
G002159625	0.033486510035287013	0.009400827458535828	-0.022918122285857934
G002159645	0.007910277267564006	0.002857245374722385	-0.007861148552000095
G002159835	-0.09350549915128917	0.08897058252189133	-0.06937100625239599
G002160015	-0.08342371431776002	0.023811087452747515	0.10809248500762635
G002160025	-0.011355332512656432	0.03346872059953118	-0.010709597605590489
G002160065	0.011122599265945162	0.012601416609806496	-0.00875631544413098
G002160525	-0.01455140564652599	0.010620962867607359	0.0736919667262695
G002160755	-0.010217170727056272	0.03260769665180328	-0.010255383297477697
G002160895	-0.039221482320261514	0.0035666303442931533	-0.038041208026741866
G002160955	0.003328112286368415	0.015444556631803406	0.026306692229218283
G002161065	-0.017444543504431063	0.03320151787703876	-0.009053149128109644
G002161285	-0.015811791065463616	0.028176439209828756	0.0321262163559402
G002251205	0.03887782823549458	-0.012601627738026741	-0.02003416151783512
G002251365	-0.04671724681563694	0.04733400412551815	-0.07122740952927688
G002251435	0.03699018398189626	-0.0026593994459543696	-0.00879217813987105
G002259605	-0.02387641327814657	0.0025203257987770874	-0.00657263054738104
G002259685	0.02605114565100087	-0.0057482840375986215	-0.02617928019174141
G003014445	0.016068534583620498	0.01676221430969411	0.019359593307906875
G003072045	-0.0018763212437016583	0.03030526379912109	-0.03548670258599679
G003148945	0.003206412930817759	0.030891411326411294	-0.012007589054682468
G003150645	-0.00540813966184955	0.01576060705157181	0.01666922575401882
G003265305	-0.013707320696085731	0.006257935884052009	0.04431454455800742
G003315635	-0.014926077153297995	0.041142652091354655	-0.01513113268616821
G003324125	0.03364132388504545	-0.006637490679016648	-0.009275574158244527
G003340315	-0.017319750846109306	0.02395910520951389	-0.008418007779915746
G003343915	-0.06048863823881867	0.05871650997215923	0.021096438691109665
G003432035	0.0009248780456183372	0.01864759787958678	0.0014017348058635263
G003434045	-0.03662283156732065	0.006968327836290044	0.05329688829871092
G003435055	-0.04579322400777485	0.04908514878701194	0.0054731305833503
G003435925	0.03946489277414668	-0.019723570327385052	0.08154848320616367
G003438995	0.025252503277829883	0.009139420030245392	-0.01145571990833632
G003457795	-0.07383114763066256	0.060103677494194374	0.023219424185321177
G003458885	-0.02969419241422486	0.04211806535380415	0.02260310769590558
G003461285	-0.02398519350987834	0.0014281321725744386	0.044116035276923524
G003467125	0.013524343562702334	0.006324185486439179	0.03998518028976313
G003467845	-0.013416745279474044	0.0145825002973096	-0.02163117145441263
G003477885	-0.032853654739860724	0.010431316617392581	0.06657622893994058
G003478165	0.020627709063012426	-0.011420864438805835	0.0138313398637057
G003478285	-0.01619671366125518	0.00320489050219497	-0.008882337774290754
G003478355	0.04260127685807986	0.000430667566440698	-0.020481712301832114
G003479825	0.042536554770600386	0.022202586384714017	-0.06127982167769769
G003479885	-0.009686582170564053	0.025727852283798546	0.031092832915279995
G003481355	-0.044492256655909175	0.011305542771728539	0.0777695399844859
G003481825	0.009855534828223057	0.023428989762958267	-0.0036359451703910427
G003481995	0.015190335760572583	-0.011430248678816783	0.05664772826812981
G003490145	0.03520669500790484	0.00016697522544156795	0.025671818991978707
G003611805	-0.11992457711235306	0.000476262326425134	0.1529798182958695
G003762615	-0.010486329971700238	0.024060623380363074	-0.0170404728145731
G003762715	-0.10538475104885729	0.026122085934901354	-0.043907240958787896
G003762745	0.0347879361566496	-0.010288321569379982	0.005076349459821659
G003762875	-0.0023669108029144626	0.02700801589812499	-0.014479994476466803
G004102775	0.005100945596863878	0.015071974908236294	-0.04861247996299306
G004102785	0.03515360447170638	-0.0024819464501023274	-0.02411531154531161
G004102805	0.03842937893385126	0.0040991152651784005	-0.0039700564427468865
G004115465	0.00020018309354724592	0.015890324071612772	-0.029584603936007366
G004127505	-0.008957027655206817	0.020145965513734994	-0.0009333083432327649
G004341685	-0.0720954720915581	0.039385675886898695	-0.007447584905577608
G004552135	0.006578846713338	0.037328027169465185	-0.019986938977415724
G004552795	-0.07929524771652001	0.08956907513629965	-0.07740994074595178
G004553245	0.016757735676919086	-0.0010809249282474952	-0.005022477498390619
G004553345	0.03705146241263909	0.001850075675032226	-0.01097922397326483
G004553635	0.046516717346429114	0.015069063615883567	-0.038493931914182856
G004555055	0.010703808113490572	0.0021770866876665673	0.0009027372664601755
G004555765	-0.013556615201194631	0.035435334936586266	0.0008246972262083041
G004556045	-0.07014973678717888	0.056358691413801475	0.000954098283285539
G004556245	-0.05820698196372819	0.04981359940233296	-0.022561978939298226
G004556445	0.012818575202198918	0.010490457116997446	-0.006633846540004599
G004556705	0.013299177991524042	-0.01171374453641695	0.03019482145050803
G004557065	-0.05071792321972423	0.009459206345879009	0.05130824064507775
G004557245	-0.013814903119721047	0.030344824343325957	0.022411985505404713
G004557415	0.03884319499929863	-0.015638544024252674	-0.006883231683257498
G004557545	-0.05125932545141906	-0.003444685066053252	0.03425242466830678
G004557565	0.02872477924106526	-0.013800505855777075	0.06352856608539599
G004557655	0.0073009243324898354	0.020173125767929775	-0.012543792777154486
G004558425	0.030936889684588766	0.0039651455372943425	-0.012566533840068821
G004558535	-0.022498603571235835	0.030219137336875285	0.00380611148061886
G004561075	-0.03750242888669518	-0.01370757679935324	0.045697400270256615
G004561445	-0.04804677885449371	0.0717385339557729	-0.09616469258548178
G004561455	0.041170553862037704	-0.009611977182441868	-0.019599454207667004
G004562255	0.03267505597056534	0.004433373400018405	0.016627968998375108
G004562975	0.0024657312255942114	0.03334539431117581	-0.03343074307947596
G004563195	0.03645821724729886	-0.015581450822682238	-0.0023974051356200655
G004563615	0.007245729374204923	-0.011029040654934649	-0.0070894422238347065
G004792655	0.04089428562261536	-0.00905558006533755	-0.01530987646927833
G004792675	0.029195690986878044	0.012008722221683515	0.0017790478755146189
G004793665	0.02440461642265933	0.03304170389436532	-0.011664912307772802
G004803695	0.0056524051956227065	-0.005704175542413325	-0.005390937682967448
G004803915	0.01874635599724951	0.011112724526243045	-0.013959403135043352
G005048345	-0.014333756716162752	0.016636933618854977	0.016002294653697232
G007293315	0.025611564800722075	0.0015165170591546113	0.023219048171355713
G007559425	0.022631787569714328	0.002428419554614572	-0.023027395949806368
G007581405	-0.11262173719994707	0.01899915969478843	0.1455162746712454
G007896885	0.0053088339108631035	0.01471245198378615	0.006612367851072501
G007998125	-0.03894015630199682	-0.12513077390455535	-0.0006581384806496886
G008040105	-0.008543005722088522	0.02117139325872692	0.03907854679144945
G008273775	0.0055026972424005146	-0.05936945591067667	-0.05519475962639263
G008667375	0.023352217485839554	0.03621879361737054	-0.03397050514436024
G008679325	0.011732455161482495	-0.0008650736477657329	-0.015230787321694073
G008698165	-0.06602850803924024	-0.11426511195611051	-0.059449903383961826
G009695875	-0.02195292904219223	0.03824991544285006	0.009376357944279792
G009696045	-0.010164104454650059	0.03943764858414208	-0.0389803095836228
G009696485	-0.006522504590595418	0.013522592984774316	0.06825441860473952
G009696565	0.0154974888747055	0.0038604044176575158	-0.008732217342682529
G009774765	2.67655073145433e-05	0.02878593551715599	0.023549223544528323
G009774865	0.03668013358228192	0.0025121885403919238	-0.027834688669112012
G009831105	-0.002616242003176962	0.024673800062502093	6.507500412639737e-05
G009929575	0.022951322727449576	-0.00621361449329827	-0.010392533638922861
G009930375	0.015343141665500194	0.04136766606144614	0.08678833759315381
G009937725	0.030153315401761874	-0.011412278612551844	0.07051141337791998
G010367435	-0.05510049127472663	0.04248400780187644	0.015137204832454974
G010500965	0.04233466183336311	0.016275112151332257	0.041270079631850504
G010537155	0.0006047001349766482	0.013344524097103917	-0.005846510604943626
G010592515	0.0365056003343648	0.018187292044273728	-0.04474440261987454
G010667615	0.04016728600425218	-0.016600198556219022	0.011023200882560666
G011959405	0.014849841252202825	-0.019738681793274426	0.007205022144224301
G011959465	-0.02983243971290924	0.01130961656594694	0.06601270007269709
G011959565	0.02154861095063678	0.01545950956870801	-0.013689936950731056
G011960185	0.040697554135134484	-0.0012745676493024906	-0.016673068550838166
G012102505	0.028438525403300118	0.0013228852924566919	-0.013471435702974308
G012161415	0.04159843298342471	0.013901739366001494	-0.04430178573941331
G012357415	-0.043773545066482344	-0.11392704698638391	0.011644160365247564
G012932365	-0.07928744001524413	-0.09960755948728889	0.010171907279294045
G900021155	0.02757991099047781	-0.007254545076324075	-0.008792972749948962
G900046475	0.03468459397007329	-0.0006805777327451585	-0.008903437105215154
G900066095	-0.003852534768181179	0.025815908213164106	0.00422314341159401
G900066135	0.012215826523085786	0.005840521067991551	-0.005101497753440209
G900066255	-0.04502895562912932	0.015752678272649992	0.07243940275975097
G900066445	0.030939743408812607	0.01646483736050358	-0.04829683971325502
G900066505	0.03499920438579555	-0.0061193923946577375	0.025057831688410345
G900066525	0.010839658791571597	0.028268092916583616	-0.03994458349820315
G900066545	0.0320886921459272	-0.02267406650195814	0.06224353455038438
G900066655	0.01662510221890246	-0.054993619459513816	-0.005600734017713122
G900066885	-0.05816981769928203	0.046789492632710865	0.04369271322181733
G900079775	0.03214690306289197	-0.02898011283435657	-0.022407216950021683
G900086585	0.05172096698712814	0.012946187469815386	-0.031647215806861397
G900091655	0.040042691877391234	0.015351078567877735	-0.043620786322896454
G900091675	-0.028408654964050033	0.01737462647520255	0.008794014643118225
G900094885	-0.04856931098758163	0.05563200014686353	-0.013216059489315632
G900095865	-0.031215003045469338	-0.01298137741729767	0.08668342362895681
G900101655	0.006989323151070044	0.012065425650953424	-0.0038421901682487245
G900103315	-0.03068582744598253	0.004974260616338727	0.07571750646617369
G900103425	-0.006402256679636367	-0.0004644748521465547	-0.04465578868869616
G900103535	-0.05895713377642817	0.05455106696867151	-0.015751492671546033
G900104585	-0.0021317682227532347	-0.0014665347802635222	0.06126494070423598
G900104605	-0.031976641283370584	-0.001567942172249884	-0.01050530964039316
G900104615	0.020071070574188426	-0.0356302445193621	-0.001310296644930285
G900104675	0.015668709599466386	0.006772547131757862	0.002210516947548323
G900106785	0.04717933484272956	-0.018409932812934064	-0.027587907169236234
G900106855	0.03210752538400551	-0.01384454710181356	0.052447971835243114
G900108345	-0.08173163189267019	-0.10627120388279108	0.007445310680373081
G900113155	-0.046656790522627355	0.051840076120217606	-0.02425806574746426
G900116045	-0.0032678211617457537	-0.09217031648457658	-0.0011018062038416182
G900119895	-0.002145434326131716	0.036812742933227394	-0.05421851787414979
G900120005	-0.10439740126967277	0.041667594911723005	0.0686955479571601
G900128475	-0.009637564036020346	-0.08268748912111433	-0.03930484009749842
G900128485	-0.11305282713573402	-0.10391673013509674	-0.00042209836930619
G900128905	0.04378966255657865	-0.024905923350858884	0.0712474602178938
G900142165	0.017089675121029116	-0.043060958499106274	0.09843594015170769
G900142265	0.016052685278930032	0.0027008755965341326	-0.014659671917341223
G900142485	-0.013058334000522656	0.03536233741423232	-0.00119732163179859
G900143685	0.04156479820319071	-0.009174548632075306	-0.014387910781842508
G900148495	-0.0006534162724615946	0.008205051797261637	0.002924391009650228
G900155635	-0.04016967448318105	0.03600991803069745	-0.003232486008781475
G900167275	0.031046181187082193	-0.0073600809973465	0.04539666492809288
G900169495	-0.09385707656455967	0.08129511857931505	-0.04388757348408178
G900169975	-0.0853276663207642	0.0308619630348168	-0.0666674998863521
G900176655	0.011788333013327332	0.004144315324492281	-0.02184986816308276
G900199495	0.022707703687310003	0.006244460643633149	-0.011175794187568729
G900227605	0.02275654480503858	0.018700715009484958	-0.04699391142117502
G900240225	-0.019256289374659116	0.0034446034021817077	-0.03313549180591313
G900291465	0.03971290570515782	0.016899642909057294	-0.03903110990176468
G900292045	0.013275562747097134	-0.03196822971244005	0.09576625373920906
G900312975	-0.02473780649229352	0.024655844366082667	0.003107783669194297
G900316315	-0.055661698780262475	0.051983374328301704	0.028802144946825134
G900445225	0.020889506893205092	0.0119462168335746	-0.007834683309448313
G900538745	0.0013546159102450117	0.011583959260155591	-0.002439790060505616
G900538765	-0.013914893635150164	0.028256729978170043	-0.03564140052196459
G900539795	0.021224655175064864	-0.03991405414440426	-0.002832506882993082
G900539925	-0.0003323191159217887	-0.0025637757187033303	0.05234493603912648
G900540205	0.031224274663502794	-0.012949870015145078	0.0553861646908681
G900540535	-0.03827358152200304	0.04836065739603649	-0.02586868335367495
G900541935	0.044325164105723354	0.020741941095691198	-0.03847470571924103
G900542815	0.007570855485723976	-0.008538265586825907	0.06482405689359284
G900543375	0.028709274031084076	-0.015480214690708278	0.008839237646657947
G900544565	-0.008068793991043871	0.03349826514258282	-0.04854897661294858
G900544945	-0.0764446046808569	0.06531344855961484	0.008417908622036455
G900545025	0.026364636319488235	0.007004873339215671	-0.010864617666934364
G900545585	0.017800345551049878	-0.045794774094051145	0.10247090363862225
G900548875	0.04422964692690617	0.022590730183205475	-0.042490007381181825
G900551515	-0.018992235219455873	0.01217003421304664	-0.019549645168932924
G900552255	-0.05421645796688687	0.05060707192988582	-0.005390066339731572
G900552655	-0.012154986537909696	0.027018576105709357	-0.015916989163084348
G900552765	-0.01956907244161804	0.0325999300946203	0.018072209179520893
G900553625	-0.02903055835329188	0.04978651052735621	-0.022260238544165832
G900604335	-0.007990250822308776	0.03753520837910252	-0.006867134332403345
G900604355	0.03406842934970796	-0.015024512421081859	-0.017766966452097785
G900606105	0.025515143167391615	-0.012441122194665512	-0.016066599640392074
G900683765	-0.011595337735562773	0.007500145319152248	-0.012085526519423911
G901212675	0.04549637929824813	-0.0029399002233252017	-0.028498967992161894
G902160675	0.03821181872005848	0.00474490850852308	-0.020923161727245815
G902167945	0.0009825710304242488	0.028314868266627307	-0.0031406834758734028
G902167965	0.036669415723841046	0.0005602306002911509	0.005280158169258214
G902363025	0.02597536696668563	0.008696777161813591	-0.031779619018592116
G902363055	0.030318649958905906	-0.021432089497235563	0.022855524317785297
G902363075	0.04619989738570566	0.009200076120374458	-0.004588691519534758
G902363425	0.019880409123508167	0.001811993964263443	-0.00626836207592688
G902363555	0.04809867621204131	0.025987127576947735	0.007964764033562484
G902363565	0.03636512794810755	-0.0029052879419340775	0.004145363913947119
G902363595	0.03738254042405306	-0.01833707916716247	0.07828753449649681
G902363685	0.0016906162680750338	0.027554715662986274	-0.001519785747585814
G902363725	0.03021243812141094	0.005469318748209597	0.011942252494294476
G902364485	0.010184637379936148	0.006917005368876443	-0.002568083061078112
G902385285	-0.11542059576689481	-0.1056236062332295	-0.0008676214310114251
G902387315	-0.11494353923272056	-0.10477322203217723	-0.0015669249501465863
G902501965	0.02152728172366429	-0.004158657435319967	-0.021286547783706988
G902762555	-0.12200416815229156	0.029528579585099343	0.11198276267290698
G902777695	0.028497963051768483	-0.04123245387439136	0.09177462398603757

Site	23	3
reba_chrome_Transition	-0.12447773275801988	-0.6487710342476064	-0.28479026827891263
gadget_kirk_Transition	-0.1245915447751329	-0.3696159955759719	0.18299636067452513
martina_abel_Transition	-0.12367270496641368	-0.0797076903462786	-0.3507993266941362
toph_kenny_Transition	-0.08541018096284461	-0.09075112303422118	-0.29128863345561457
ellen_mac_Transition	-0.1237705719583866	-0.24048786121549764	0.12817847153053016
tammy_bane_Transition	-0.12397873799885846	0.05116324294301459	-0.1706662076352023
asami_beryl_Transition	-0.12358207961722226	0.13050054885076673	-0.22745649588023945
johnny_rene_Pre	-0.12272666272643788	0.12295458351342353	-0.1397115843012512
tammy_bane_Pre	0.24750735011320218	-0.13048536079767598	0.17317175887104122
gadget_kirk_Pre	0.3609187635495549	-0.19069659677492568	0.23938438010603508
toph_kenny_Pre	0.24066271009753937	0.19610206134252287	-0.3627853621370758
reba_chrome_Pre	0.4108781769997951	-0.13526794268559328	0.16362778009458223
martina_abel_Pre	0.3259819677791008	0.038140757409488274	-0.09523829293037533
martina_abel_Post	-0.12296621223593265	0.12512204926763612	-0.004328474207621566
asami_beryl_Post	-0.12327941016410643	0.08776581262152046	0.11610942271564274
ellen_mac_Pre	-0.12273902999963028	0.16674400163582737	-0.022740197926016028
reba_chrome_Post	-0.12258011344687701	0.15510248618061795	0.008911287707878236
ellen_mac_Post	-0.12380922608959884	-0.01423991799846426	0.3431774048083618
tammy_bane_Post	-0.12284611336852899	0.1284989477430316	0.16900341067961033
asami_beryl_Pre	-0.12304006199671257	0.08875142241091305	0.25435466054435146
johnny_rene_Post	-0.12312358925763657	0.19259173893130851	0.06884573489776162
toph_kenny_Post	0.4738512890629033	0.21122925029145329	-0.13720931275425008
gadget_kirk_Post	-0.12320628527975586	0.2053566195347108	0.23925348357037632

Biplot	0	0

Site constraints	0	0
