Eigvals	3
50.374034506812464	44.11214746058098	7.006328160883962

Proportion explained	3
0.559853452149482	0.42931621411610893	0.01083033373440912

Species	624	3
G000006865	-0.00760572969178112	0.003867438388074186	0.000591319326507013
G000006925	-0.024982253050850774	0.1511945148063241	-0.048416853389442946
G000007145	0.08088959574331712	-0.03733191465418382	-0.01793519927375857
G000007325	-0.031359468273568974	0.022022206091520034	0.030318074485196137
G000007525	0.07293488055456902	0.00223103275924047	-0.07478053299334449
G000007785	-0.009192621637104548	-0.05385088877226044	0.039427656461234535
G000008865	-0.02478952532177654	0.15027412570240117	-0.051383093096603084
G000009925	-0.01254835558875934	-0.014268526254204375	-0.07909985917024158
G000010425	0.07224516441691206	0.007323901409356146	-0.049335201546263655
G000011065	-0.02880505519491627	-0.004044630041793688	-0.06491599520736274
G000012005	-0.02468060435258299	0.15011156768215828	-0.04460242263227809
G000012825	-0.024243380132867153	-0.008987501372408379	-0.14085311234943085
G000012845	-0.04879347828730912	-0.029238246294140156	-0.07128083062789689
G000013285	0.007552109829072954	-0.042498920850895225	0.011423126691039894
G000014205	0.014675754178200438	0.04118460730029169	0.0379606781958917
G000020225	0.006183971914607836	0.027916903354679116	0.028882215324560284
G000020605	0.04100932848341502	-0.0028213812501011073	0.012152526024872122
G000022965	0.0718436464364988	0.0031014291002597265	-0.010817744084765504
G000024945	0.003004959884552091	0.032726602965604354	0.050471716899307635
G000025205	0.08019585321041024	0.0018390489689215882	0.003460911047848504
G000025305	-0.0003297721695215507	0.013201379735156497	-0.00800146905825301
G000025565	-0.011813741617777259	-0.004659575959608595	0.008022220677516555
G000025925	-0.01180771683376813	7.392335200274952e-05	0.012087304564452114
G000026325	-0.022916838521016565	0.14907902552857874	-0.05161920480064935
G000026345	-0.022160507817548317	0.1487680678740118	-0.049957413475509714
G000144405	-0.004120889129968496	-0.0014511865882624875	-0.01879663917917499
G000144625	0.0015822302321658072	-0.012082627717531082	0.009450748737694347
G000146675	-0.030146947737346975	-0.009170749421671318	0.017144854222961275
G000153905	0.013583896673501468	-0.02089604158549366	0.00844191101706739
G000153925	0.03758072693508763	-0.03940147803466167	0.03653268929380523
G000154065	0.03319328511178771	-0.038992334916330085	0.03747750884425207
G000154205	-0.07047994996904287	-0.022842527052870026	-0.12672579599583472
G000154245	0.0253488077835621	-0.015824465237994672	0.015640187927989324
G000154285	-0.006254665720498518	-0.012496139858230258	0.031130350975990775
G000154305	-0.0016941348170132573	-0.025851340508134157	0.049012363592762155
G000154345	0.02550873808296817	-0.011291397647676163	0.04998895129520829
G000154425	0.02768616440786988	-0.013879018097577417	0.03556655182962731
G000154465	-0.0304269946432742	-0.016731024605871662	-0.0730214939282295
G000154505	-0.00067747246768178	0.0028512461910122928	0.03698011886509061
G000154525	-0.042081607659001624	-0.05330190491067247	-0.10333370881152101
G000154565	-0.04367080931744645	-0.01574418567995941	-0.04723174458676991
G000154845	-0.10242917778914366	-0.05975512067864505	-0.08398378208511219
G000155205	0.019366945207016102	-0.03352441077646351	0.03383190279123145
G000155435	-0.004423341148128741	-0.013544148268410348	0.009861141954557317
G000155875	0.028599280192646324	-0.03267428523410479	0.015671495207773566
G000156035	0.02245868566744964	-0.017721993641231178	-0.0274837190092435
G000156055	0.04877285392087428	0.004517050586084737	-0.0851866846784316
G000156175	0.04071070990555233	-0.021724001907737187	-0.03248169999132268
G000156215	0.0430711706942031	-0.01942354957993629	-0.046290987656272514
G000156535	0.012460469765017386	-0.008823350648747971	0.046782075123122414
G000156655	0.027494747205491967	-0.023848703170075997	0.04212481790443614
G000156675	0.04465713966901919	0.006641909309946513	-0.029570084587419578
G000157915	-0.027385018262268215	-0.020772105706916424	-0.08569450507898477
G000157935	-0.0013027580927124798	-0.00518022600644001	-0.19084550412135864
G000157955	0.025962839965755016	-0.03480698377643812	0.008068378815856462
G000157975	0.021339829320996425	-0.03520294680092589	0.023432394826122725
G000157995	0.009353900200121723	-0.018208607867278508	0.0012599733853157005
G000158075	0.007472779051671166	-0.016047956527904753	0.044174841618048064
G000158195	-0.0714821207238405	0.03061293433963397	-0.02074722205946682
G000158215	-0.0356392012199151	0.02159315457109497	0.024236902406096092
G000158275	-0.02810799536630755	0.02039865673231294	0.027000270728464774
G000158295	-0.023418162137937674	0.01974926935664924	0.05193962396891181
G000158315	-0.02640903146854777	0.01784903704357683	-0.012062546492008806
G000158655	0.015581540409221162	-0.017051174995828356	0.02230871669356008
G000159055	0.03317247255147309	0.01219367231906341	-0.03372014992727014
G000159075	-0.032512710176724295	-0.028540724479689885	-0.06068618038238176
G000159155	0.06686167571885	0.007763152349346518	0.016785344758286556
G000159995	-0.03616455465294571	-0.014971257298185468	-0.0020929008000556493
G000160095	0.0018066884861401755	-0.009324253288762034	0.0056535473933756915
G000160535	-0.00990394892978145	-0.00639171535102636	0.029169101564353105
G000160655	0.02506765555713253	0.03908392124162775	0.014898070072910474
G000162015	0.03236450355068375	0.010712914820452593	-0.038903188570856256
G000163515	0.003698312740162639	-0.04081878180962976	0.03612585402552397
G000164865	-0.0060493551710105575	0.01468891289395855	0.03789027056373402
G000165735	0.0226388954704163	0.03206279547204048	0.019716002054322123
G000165905	0.07228942187888933	0.005253518610713297	-0.07102033797630355
G000169035	0.042758872927052605	-0.011504956956369498	-0.048796320272669357
G000169235	0.01089017324210359	-0.017114832411837647	0.013288883535123626
G000169255	0.03247184821886632	0.01462318937497552	0.007823881610758537
G000173795	0.02412918993658359	-0.004463128641042711	0.0243866404063782
G000174195	-0.006348013638646677	-0.010773395511586528	-0.0003282216519989397
G000174395	0.03423861170549751	0.027927486072978232	0.04559736874144108
G000177015	0.018875971864362216	-0.022962650635091817	-0.04038259243419316
G000177075	-0.04448209809611989	-0.007352547349154546	-0.00760139923543511
G000177555	0.027641077263221302	0.01624425041270231	0.006560751061620167
G000179055	-0.0106423999515123	-0.00023707554049635457	0.007800549151237782
G000183345	-0.017729390274472984	0.15552018750236124	-0.050669642727792424
G000185385	0.030846680570800825	-0.018965507909556863	0.03131736816802028
G000185845	-0.016598352270240296	-0.006311162356123029	-0.004179688714875789
G000186425	0.04975101068068283	0.017969874277069333	0.021230422113981306
G000187895	-0.086405039136651	-0.04363608961207208	-0.12342464945407192
G000188175	-0.014780020504175269	0.0003390786581933212	-0.01869009394409097
G000188195	0.01085030343542858	0.02024056017811893	0.032459639652062736
G000189595	0.01431759976761301	-0.008930725854965496	0.009887155394121149
G000190535	-0.05137355669716004	-0.03355581654412728	-0.009666777243139212
G000190575	-0.04564060365464931	-0.030526133166052596	-0.024526439642147374
G000191065	-0.008238929538031813	-0.0022513822624776075	-0.007784771400379083
G000195315	0.05085878813602293	-0.0162033605370109	0.024285712616021696
G000195635	-0.01504664105877102	-0.018538569282055543	-0.05990427267473074
G000195995	-0.006417344342228148	0.11707174592497561	0.02465403326391771
G000205165	-0.053331727370969285	-0.032431741244486514	-0.07493496219017731
G000209385	0.0008887144219404122	-0.030848950211994696	0.0407515528874332
G000210055	0.04342185312660392	-0.014101813395675698	-0.028354715062326303
G000210555	0.00874460575003524	-0.034607771570600444	0.03226079167236984
G000210575	-0.10583913989985949	-0.021127365214443014	-0.05874188757930501
G000210615	0.018463042370805482	-0.020297723938538677	0.036624787386659974
G000210635	0.04360379731916778	-0.03141339893024377	0.028908586554119826
G000215745	0.006244340787276163	-0.026234399691457723	0.021205546162871475
G000218235	-0.014151375317501299	0.0012537706936434842	0.017779645760974253
G000220255	-0.026958634331603556	-0.0078079323585625825	0.02271872857198173
G000221545	0.016190696618066065	0.032989747614335825	0.017147652145501353
G000225345	0.015218892265952588	-0.0069778716761253225	0.013066722100807105
G000225705	0.039083167647526146	-0.02331630472977102	-0.019942363079385374
G000230275	0.0008679643788615329	-0.019255826463125004	0.015442177191010074
G000233455	0.0092146427162352	-0.009565953111576774	-0.0038095980184202115
G000233535	0.047362601826988975	-0.02582032692240433	0.009694775770287142
G000235885	-0.011517192281696785	-0.006192113699861047	-0.07959279285362361
G000236865	0.051257401560266494	-0.011796530630884141	-0.04180993113059196
G000238215	-0.02455538720023862	-0.01636239630993114	0.03614018956594492
G000238795	-0.004757975721490948	-0.006922796302717998	0.044641069662614954
G000239355	0.0333751669763634	0.06688578686454137	0.04237045670303638
G000239695	0.04672566244599385	-0.009944526577068381	0.013240831660416334
G000239955	-0.03507105959293866	0.0007663437358148593	0.01819252164220976
G000240185	-0.02535071950199869	0.07828242475095244	0.013272659428174448
G000242215	-0.03235894722886801	0.0173564724468694	0.046016846042410124
G000242235	0.037523599421520316	-0.009599058840180476	0.02722888035407549
G000242335	-0.005634220546914404	-0.009289822333477365	-0.02543887447782563
G000243215	-0.048149290752902286	-0.024762149635337943	-0.015466397202748223
G000245775	-0.024430104381019516	0.0425159037047629	-0.03982255436250872
G000247895	0.009274683704787495	0.06321874240687898	0.0518883109632292
G000250875	0.003659320331084103	0.022775964861034788	0.022657345316502975
G000262225	-0.025945942278054867	0.022237606213870532	0.05159783961357775
G000262545	-0.01551859808706745	-0.0069833934293453285	-0.03732924701152723
G000265365	-0.06628366762231962	-0.017495985458111592	-0.024461330062728076
G000269805	0.004408964316239258	0.03789610669990056	0.029030428014943908
G000277715	0.03479951354678841	0.05286806324634032	0.058228200556458734
G000283495	0.02587335273918184	0.028704943098052875	-0.0019701205053919506
G000285455	-0.029583950802119112	-0.02994370503595594	0.002554629590625879
G000296465	-0.09082057899342016	-0.05038943760432047	-0.06692412502712537
G000296505	0.04951864729767509	-0.01609281269543091	0.0174691185550612
G000297775	0.0010038842312582832	0.034815249717284634	0.03597224259147508
G000299455	-0.025816022011354064	0.14993985330869974	-0.05720745425891069
G000304215	0.08807042716353611	-0.0043605038421707905	0.005372399731325921
G000307375	-0.015230670746581408	-0.010123942999384704	-0.08622414347716101
G000311845	0.04496744271125679	-0.016648087673750377	0.005172702936879873
G000311925	-0.05670806856868596	-0.026384360643176452	0.0017301182263684547
G000312145	-0.09229418991491461	-0.002355042040655534	0.0016561932718186457
G000315485	-0.042218014485708125	-0.019510554566584386	-0.05953441063440752
G000318135	0.046183682063337256	0.0575464827589003	0.03622119619876145
G000321165	0.04368584349945586	-0.017183005441614958	-0.017071433274534333
G000321205	0.017970417025038803	0.026096597166533092	0.029645020279322434
G000327285	-0.004057804503145932	-0.014965500420286569	0.027005407050178197
G000337735	0.03243688829806497	0.03269567252449186	0.044037942317785954
G000337895	0.030162987270696995	0.03245143763738071	0.042483150520405556
G000347695	0.07235504288834169	0.004764029467454299	-0.02414359918242138
G000349975	0.01618577908522148	0.023880811143913737	0.034008380239664036
G000371705	-0.0022575195883193554	-0.022389826064496302	-0.01012947239474113
G000372405	-0.026047421147792137	-0.019490800790526792	-0.015354044018824418
G000373885	-0.09238225383405559	-0.027858956816257326	0.010880819096076338
G000374405	-0.03239004509999096	-0.02091704439236929	-0.004665694899315388
G000374585	-0.06229510881156538	-0.03677540677148018	-0.03288562436846268
G000376885	0.06509664223272507	-0.006070082861047939	0.007735822834756977
G000378745	-0.032627121845455985	-0.01676137664127244	0.005091093154454688
G000379965	0.0009827501525932441	-0.0066115252274294364	0.00032859633135218485
G000381365	-0.07418193289171422	-0.05771757613994655	-0.034257647382757356
G000381725	-0.032938975957736275	0.019488531673582787	0.053170238262019255
G000398925	-0.012424549160745427	0.016138594143012712	-0.07698719497356402
G000403275	0.032697219147020735	-0.029492815357370732	0.046209859389946664
G000403295	0.009636040828892415	-0.03293876655414097	0.01580267506450588
G000403455	0.013292921892040583	-0.01761173736446646	0.033389665971871464
G000411515	0.005502328993701417	0.0326397107985624	0.01565697869035872
G000423385	0.004314584372223224	-0.010229572258993192	0.007791451375068384
G000425005	0.01875787683025842	-0.018335051531992635	0.00818404312931389
G000426565	-0.009567635995015991	-0.0021117864974346994	-0.013607177680582023
G000426585	-0.03167225870981994	-0.009441354721267139	0.004909805826890362
G000427365	-0.03727605275925187	-0.02343152790008307	-0.00524614790275906
G000428205	0.022270430624167253	-0.014492034380499846	0.039867051428457714
G000428565	-0.02169638639540662	-0.01968899366088773	-0.07018584931850538
G000430525	-0.03506688297776136	-0.018938167467313458	-0.00733398625581207
G000431015	-0.011445973305832548	-0.017263398930329056	0.010437160402985557
G000431175	-0.000549865673091415	-0.0017438880072537311	-0.0015421164138602166
G000431495	0.02211930790978391	0.03833453178671281	0.046636154213883216
G000431915	-0.0030393611957469624	-0.008953619867533133	-0.08963231080083349
G000431935	-0.04425980222456385	-0.009504571031712986	0.04331966986386707
G000431995	0.036979363435395284	-0.03565215461047423	0.04126732583031435
G000432055	0.030080939897334975	-0.021913443270651232	0.017808045541526003
G000432435	0.04611897090366766	-0.03238122050023134	0.02647328898295849
G000432615	0.013583739934940857	0.04329425334073828	0.03568035763604377
G000433375	-0.1272684521181645	-0.053982721617723176	-0.023927567509392112
G000433575	-0.06278620816283265	-0.01053786423474646	0.01698476458743023
G000433955	-0.030986771809266157	0.0035071800205825434	-0.10070041209397987
G000434095	-0.01680114651418543	-0.04118499201238187	0.019652938796620546
G000434135	0.016829473885103863	0.001973858632134158	0.013270110127658542
G000434475	0.0251202911083916	-0.007825714684313445	0.021974972658236603
G000434515	-0.005583989484683765	-0.005562711683197889	-0.08810396356349827
G000434535	0.04352468176157403	-0.014898049262125752	0.004997298962656549
G000434735	-0.055592536611036435	-0.021343918250408822	0.0043582035439027195
G000434855	-0.08330943574883451	0.02859855924721275	-0.004079192423400841
G000434975	0.00029113901240339883	-0.0044269097835410555	-0.07136891671929059
G000435075	-0.04333986469660736	-0.005499567213859005	0.01629069465704959
G000435555	0.03356480065689738	0.06004447481114897	0.02679956675482591
G000435635	-0.02162960284939556	-0.013991123875247171	-0.0002597189281411492
G000435735	-0.04304464075215703	-0.026467881178628073	0.006395890829683503
G000436035	-0.0028318129649942156	-0.006614928752978676	-0.06465679052056118
G000436055	-0.08429632398773955	-0.04052321968631704	0.002936668104931211
G000436135	-0.024157194514539605	-0.01097409960194808	-0.11538869924722041
G000436195	0.01075190147426397	0.10923138013725521	0.04226216656852445
G000436295	-0.03820181071249588	-0.005903430037685268	0.020924815800703333
G000436395	0.004890177990070242	0.02953420275803745	0.028480180345471805
G000436435	-0.046134072061262674	-0.024765560090995693	-0.0723387443855545
G000436695	-0.02298854572357279	-0.03459121371396845	0.023489583782346373
G000436795	-0.0900072624502836	-0.03160039107947714	0.015622668375948967
G000436855	-0.08454777908760777	-0.00946502516587957	-0.027086129075659705
G000436895	-0.1456231488091075	-0.05302346685359797	-0.04715136731413751
G000436915	-0.0064614194500882925	-0.012399490173480061	-0.01352629216587569
G000437535	-0.005036087443719379	0.0015256938965763427	-0.02443758908283192
G000437675	-0.009921752037172578	-0.005891920761508576	-0.05571922502132753
G000437715	0.025988732741604022	-0.014853253425146843	0.019828975346827548
G000437995	-0.045539441028195606	-0.018548432833504554	0.0016348749900642022
G000438035	-0.023089877962186933	-0.008720078549053076	-0.13534348237155383
G000438395	-0.11705634761879441	-0.006861060610459385	-0.04977561257507786
G000450985	0.037275824235094526	-0.07011806476736734	-0.06046597562246982
G000455225	0.02774961656203942	0.0363537744365363	0.008610911328402178
G000455445	-0.0253346204917057	-0.020544342602273676	-0.026821293736349464
G000463355	-0.019087268515724162	-0.03871184002007675	0.023146616272844815
G000466245	0.051201044138463735	-0.0007579909230161086	0.033114394543587604
G000466465	0.018073292758692027	0.0020802582403591195	0.03155146398280286
G000466565	0.017876397231741215	-0.04329337226161218	0.023130470049438613
G000468755	0.05834544697552612	-0.020945088593283985	0.01917700517899087
G000468855	0.04910865948403365	-0.01402783119372899	0.02104575608410154
G000469445	-0.01884945807347362	-0.0031012046656786413	0.01370857073607889
G000478965	0.02498989992443484	0.03384667987855253	0.018480169529155283
G000479045	-0.0408223775999862	0.014935226946917428	0.03879584304357457
G000499785	-0.03514681736313755	-0.021118441407961777	-0.007938508254651378
G000511775	-0.02713977010467658	-0.017648819179159725	-0.010649312960809747
G000512915	-0.02793520468785905	-0.03162257381891592	-0.020550496076326617
G000517545	-0.07016194418923323	-0.03990333540218939	0.02635201769241151
G000519105	-0.09149402359166245	-0.04163127147004295	-0.021685511884462456
G000524335	0.04714452230339409	-0.02498386755259028	0.02586801303547211
G000526735	0.022062123235235036	-0.020169978483732486	-0.0900289897107048
G000565075	0.056048176849285244	-0.02128293335837178	0.017162516233876837
G000585355	-0.008669995352206743	0.007810583878450902	0.002958906975123027
G000598465	-0.012629051085416301	-0.048217160734397455	-0.03167739217586265
G000598965	-0.013709480499127099	-0.047041480596672604	-0.03333792506119566
G000599385	-0.013152017328437852	-0.01868939644978052	-0.06415546579574491
G000613345	-0.02520906287875852	-0.013939085943246563	-0.0002493823005122142
G000613525	-0.0061650932622835655	-0.0009455429384926416	-0.018152220640196035
G000613785	-0.00654844608866774	0.00031103494080397993	0.0007391668546793607
G000613805	-0.0465895281974446	-0.023558037727621203	0.019562348489821923
G000613925	-0.012325185553163325	-0.002658348838001942	0.001174096988287453
G000613985	-0.0017911138193233863	-0.0018930008877559466	-0.004183836035587809
G000614145	-0.04505047506337501	-0.0283664592706644	-0.039389778785772246
G000621445	-0.03565037003462656	0.02212033323549742	0.05558529557356292
G000622245	-0.03660789228619013	0.021230230116570062	0.053395710163617265
G000648175	0.003477718786501025	-0.020086678436661676	0.026748509566710002
G000648515	-0.0344598533511372	0.1383874559918187	0.024693939188771708
G000686565	0.00781324316745118	-0.024395393275480418	-0.029329419872223778
G000688375	-0.0051657050622472495	-0.0034393233932427446	0.020545638050261307
G000691645	-0.006126574777182196	0.025427949471093236	0.04757219542126636
G000691665	-0.0034139562717221705	0.028290719634291528	0.05016487319863298
G000691685	-0.007535278578237605	0.022359136904521272	0.052076528279322326
G000691725	-0.0022006584533182257	0.029762590254606057	0.051546806424367854
G000691745	-0.003268700843558469	0.024310158369720086	0.04908187158848927
G000694955	-0.029540712950456658	0.027507523788647164	0.0005270835790581976
G000701665	-0.03849319029358788	0.0031468096887082835	0.03951245947752863
G000701705	-0.023636261833679856	0.059222218616104806	0.0159809567072997
G000702025	0.034536587128085335	-0.050087953682621866	0.015093127500702326
G000723745	0.04169383763707429	0.04965044576710208	0.046207734720768945
G000735365	-0.01004868967545638	0.018942962406253972	0.034721270919271366
G000735455	-0.011312368508478643	-0.006111676039141399	0.048496793059119664
G000735515	-0.017278967406806657	0.012151439889311616	0.031252046418924054
G000737865	0.07579240482557982	-0.0016166302239566436	0.002955968923171046
G000738005	0.0801860463645119	-0.00394952737087752	0.016604642890325136
G000741135	0.07481574198102268	0.006214133599027926	-0.027264219670073017
G000741165	0.07205698154974986	0.006463554612110988	-0.08937695759798328
G000741175	0.1194192565083589	0.016877160616582277	-0.18864990115131736
G000741205	0.07838957282755334	0.005312456019618278	0.0020807931245401166
G000741215	0.08308600121773163	0.00038652225184766684	-0.053667261097526786
G000741255	0.07980605315058167	0.004575494499268065	0.002268686081045018
G000741285	0.07744264804228687	0.0016068471019983967	-0.009110420776225567
G000741525	0.0823061224532466	-0.002476259635531993	0.005242737096438567
G000741575	0.06799186669953232	0.005824837342437862	-0.029398930039511138
G000741645	0.07879071917883426	0.0014624876240817218	-0.007212699677299321
G000741695	0.07477001187338213	-0.005804435039703149	-0.15290138793039726
G000741705	0.08561521899575665	-0.00524031732032383	0.011373198760641648
G000741715	0.07923584374813854	-0.0004636971963447973	-0.06437423882777836
G000741765	0.0801354206685254	-0.0039125569382409235	0.002401589685512662
G000741775	0.07380086286255273	0.004251693839465092	-0.00871805131548255
G000741785	0.06397656572541406	0.015466562735583918	-0.1413271967319601
G000752675	0.053569705389867675	-0.020188501807732847	0.002840092301194143
G000757785	-0.01161372256896742	-0.009400679707203976	0.03401933575562288
G000758925	-0.027406508092305937	-0.015802431601852383	-0.012130569788329
G000762865	-0.011593084449567621	-0.0049000925224683255	-0.0265714205264731
G000763135	0.06004431955892993	-0.019256820969636105	-0.05811982797963264
G000763765	-0.000464821252329194	-0.003574845037377927	0.0042286197928427475
G000765235	-0.007231145500076001	-0.006538908156428339	0.006618165835463076
G000767175	0.014128219708923407	-0.0048648167909218385	-0.07818236747000273
G000768955	-0.024120088755320984	-0.02947920915023787	0.010642007059384173
G000775615	-0.005766258969655789	-0.01741072048261469	0.030733759344125613
G000777575	-0.016529115483094204	0.15686225570538007	-0.030916622082165827
G000777875	-0.025919816194749676	0.1500486677208223	-0.020129204205748246
G000778805	-0.016464226345047555	0.1606020183266305	-0.01154083316007571
G000779535	-0.024903005075446308	0.15009171966530604	-0.03168375827020921
G000781475	-0.016296056423908287	0.15817336594545622	-0.031240143412995615
G000784965	-0.0424954114360901	0.13756462648330972	0.004827586203903037
G000785515	-0.01574534769603677	0.008012641391556616	0.028000671499874504
G000800475	0.07122718292678541	0.005899204407022948	-0.01214936083862236
G000803105	-0.021675803990397542	-0.02562749652850569	-0.010552830514650573
G000813025	0.031929574985202186	-0.015118948060914529	0.02344208207427059
G000814825	0.03889869526974101	-0.01274320799026321	-0.003946451376463087
G000818035	-0.04099617496962763	0.03950760274830557	0.03461346094419471
G000821265	0.042984187171019476	-0.010998018912925941	-0.008636844946179124
G000832075	-0.0511697818775028	0.0018653541467060616	0.029133096593298848
G000834015	-0.007814537990946438	-0.00464202222769985	-0.04151365556832544
G000944155	-0.07322831225068203	0.08899369494298479	0.039692657890871175
G000944855	-0.02600397427618808	0.14955196343332422	-0.052364386464499604
G000969835	-0.0459758091735084	-0.03371489350516005	0.002942180034134973
G000980235	0.020692147241502628	-0.02643543120523541	0.006409460944107144
G000980375	-0.038350364919347964	0.0024129668629170762	0.03835100047824474
G000980495	-0.023211536132303253	-0.0002855277337209807	0.04857094483483263
G000980515	0.04411819200096365	-0.00353456495955787	0.02445228453730531
G000980655	0.007251649128051447	0.0977927556775049	0.03855540938619265
G000982825	-0.037093599323468666	0.11039760318207979	0.05687505135768308
G001022135	-0.05287411367719722	0.027426667277075597	0.034205112444201026
G001022195	-0.019282622611420885	-0.015532631891281458	0.006323438394370196
G001025155	0.08184699114485722	0.0024794953483120497	-0.048176926978436424
G001025175	0.07361801136393623	0.00292985455528558	-0.061294785945697136
G001042595	0.07242387433189328	0.005333641745746389	-0.02767672663800607
G001042635	0.08263654086509188	0.005694951328306162	-0.08127203238914227
G001042695	0.04726908101107157	0.013098363895965063	0.020424647843680224
G001045675	0.028040456848865324	0.038187064411682986	0.006773672353406087
G001049915	-0.027035744262257074	-0.010106038250960687	0.04683669826870757
G001066585	0.0181512777071047	-0.06597704695864944	-0.001202781509813834
G001244495	-0.05084639095109948	-0.015543176546006999	0.027916814653805452
G001244995	0.009352204978014962	-0.02320070762061936	0.041010833320623725
G001262015	-0.0022846930025398836	-0.002271382565467283	-0.011325204902365714
G001263395	0.082009003566873	-0.0031382198880660884	0.00882995312067755
G001267865	0.009454163653522174	-0.018697211882929228	0.036444149385164125
G001275135	-0.055006851572694374	-0.023491869285093885	-0.04838189477098251
G001280875	0.02907682128243187	-0.029764398258687336	0.04558432911535802
G001283625	-0.02596380558969926	0.14826923830656094	-0.052771414276336005
G001304875	0.03855351230403087	-0.019879840672868222	0.016900807702817027
G001305115	0.030432956060670483	-0.02694416666649994	0.013725389453935815
G001305135	-0.046771912985919845	-0.041657363872290236	-0.022327633659870626
G001308145	0.044683865909194355	0.050953232219650195	-0.006624261058603045
G001312505	0.007535983501087461	-0.0300564761572347	0.027720432778636183
G001314975	-0.037808586892651284	-0.02084209313224177	-0.0370853229621034
G001314995	-0.036284629170636386	-0.023631375351353262	-0.07038527848956358
G001318345	-0.043025405445725834	-0.01956536341371611	-0.041696480542245735
G001398415	-0.011705784109302723	0.013516143648233852	-0.024521943853107044
G001403595	-0.022931594464833623	-0.011859835291775955	0.005880939165781152
G001404335	0.0208861474501224	-0.034985693907767165	0.026020141396099657
G001404455	0.004777008153603763	-0.034833092011774265	0.018791759853615534
G001404695	0.040614116689877064	-0.014204308680794477	-0.04794116089810257
G001405375	0.03826119461309276	-0.013483563113732498	-0.011384909866416585
G001405615	0.011593400057546924	-0.020638122338303207	0.021103365126819287
G001406335	0.028829329988243717	-0.021887944067483407	0.012924220780965386
G001417815	0.05769322208328042	0.017096967087429443	-0.18455555273015162
G001436895	-0.03582970685702434	-0.0007216768434966222	0.020264400070482712
G001444445	-0.005327525135850379	0.0030009003278410446	0.01110483902825566
G001454945	0.012415851159309139	-0.009340274513564213	0.021057087461640075
G001457795	0.0461395967262753	-0.003271419170563588	0.014304128465186323
G001481375	-0.004882941929656133	-0.043208135037340716	0.010232235991099086
G001486665	0.027124378818269602	-0.023366817826072916	0.029409893582314273
G001487125	-0.03992300562803699	-0.040204478221832055	0.017870631399241336
G001494635	0.054438810999678115	-0.021959803264543745	0.0074558138401845655
G001512635	0.05030383858874281	0.013095859114935349	0.017729758361111705
G001543405	-0.0137110913410659	-0.00550229731364688	0.011323343888831086
G001552785	0.055418984902642715	-0.015048263615549212	0.013123839342078853
G001553935	0.03080398866296164	0.01736903975029136	0.03859129995798983
G001558935	-0.004110287266146585	0.11199585438410839	0.049339224503258894
G001571285	-0.032781779193435265	0.031625933686327955	0.02089856360746893
G001584645	-0.01561969714265836	0.04869607556633021	0.04175596208329357
G001586165	-0.020851891842363614	0.01012198682952963	0.04156808926268321
G001683355	-0.009894644961826196	-0.004608611846248093	-0.0029465171978988636
G001688625	-0.06730213747002994	0.011827821583326544	-0.06795189065103092
G001688965	-0.01602279757700963	-0.004315979482253993	0.03461495443945681
G001689425	-0.032080671382145626	-0.003391449271987254	0.007090113885466886
G001689655	-0.03418537991117912	-0.009145702778062478	0.025617021160861713
G001701255	-0.04203709331072129	-0.05401693138946155	0.014484305468737949
G001701295	0.005024005574631547	0.00803768134092275	0.036975510520687614
G001719865	-0.00207204261749956	0.016647504912266752	0.0037513332546274428
G001854465	-0.02533480438515817	0.028502450314958776	0.03482968239261385
G001855385	-0.003142930603731328	0.01599198308758429	0.004076874432455538
G001884305	-0.033587877440641255	0.0009425376669340717	0.01937165729918737
G001899425	0.031187646767717327	0.025403309035522025	0.026589712672281274
G001908775	0.012432415799236271	0.015480425454328591	0.0023873701470484587
G001915415	-0.044809425907500235	-0.04074631127265602	0.002308864320899919
G001915435	-0.02106113601845926	-0.01303294925192956	-0.016389334094497308
G001915455	-0.05074326089522812	-0.019202235746623567	-0.04990983599499042
G001915495	-0.09970555337936368	-0.008928970419803143	-0.003466441931689214
G001915575	-0.06824807544976559	-0.012766446857334086	0.0005921866115628166
G001915615	-0.09616147263903943	-0.0029021245045448025	-0.01083400121720916
G001915655	-0.047347237949249506	-0.0271170189470436	-0.008756270762122128
G001916495	0.0007770035023722012	-0.011422375866626725	0.026016941774820335
G001916615	-0.024202287761284427	-0.03770984760100141	0.029718941652198717
G001916865	-0.015344844526688224	-0.003545350098488411	0.0038588096801929566
G001917125	0.007251649128051447	0.0977927556775049	0.03855540938619265
G001917135	-7.644066648469326e-05	-0.017136352008859497	0.021519707026329493
G001940855	-0.04880325789456794	0.010521459674886484	0.036819340153621295
G001940945	0.007744108967727988	0.029061769646735614	0.030375607828614024
G001941055	-0.03434824299306627	0.0624978447600862	0.018105627896856172
G001941065	-0.0025182216440022506	-0.020052975532163	0.0011370355989543965
G001941125	0.08144247883760398	-0.013360118250668879	0.025669725939240502
G001941225	0.015299317427044032	0.03510072941008447	0.04709393909655905
G002032965	-0.03714334290613875	0.13375646338314653	0.04461105888361596
G002159555	-0.03645779106970633	-0.016314457389020594	0.02637792745140174
G002159625	0.03741389952313795	-0.041072110177486715	-0.030241440542966746
G002159645	-0.014326173470380585	-0.021305733511362654	-0.003933792383184384
G002159835	-0.007202011926254309	-0.008588281789445578	0.03560429944101501
G002160015	-0.03070903316409187	0.007513000842498987	0.05181838707614796
G002160025	0.018090541985007157	-0.011506418947465825	0.013460420125762176
G002160065	0.04777444428698159	-0.022383245335964502	-0.003812096791310629
G002160525	0.02029215224666317	-0.006605095581596154	0.045093649144635234
G002160755	0.022819039485416998	-0.009026208046848692	0.012153086644936549
G002160895	0.01857696468015835	-0.009754519642068445	-0.032449039777097025
G002160955	0.0024652311914062056	-0.013528950352673711	0.03252346593759263
G002161065	0.02579977573666343	-0.021583690211229124	0.013842062858785977
G002161285	0.021960196915328883	-0.004980204960557982	0.03448207446477421
G002251205	-0.005928691824560746	0.0008089768741304349	-0.07151141770555694
G002251365	-0.013893905964119548	-0.00350496562196844	-0.03371457860097429
G002251435	-0.004581480656156833	-0.017984940556923644	-0.03723845719600931
G002259605	0.07301699573019833	0.0019522862367270914	-0.015109149837260295
G002259685	0.07162618529499552	0.0009646590029282735	-0.05973398660503031
G003014445	0.030200690426927402	-0.037929236077098326	0.0192932510695892
G003072045	-0.03265568747776267	0.14173167767642844	0.03105483683483887
G003148945	0.004503110096458329	-0.007812323871563142	0.024518901533273664
G003150645	0.012216136001042122	0.06769264421288461	0.037085649433434016
G003265305	-0.0154797356259821	-0.021776165001666643	0.03779004711511208
G003315635	0.08203008352796602	-0.008438655755270877	-0.0003971151051036162
G003324125	0.018131449978240326	-0.011980336599310758	-0.018459358886287924
G003340315	0.059684988669301255	-0.0048239532522841595	0.02009747389428367
G003343915	0.021342469559577425	0.07128524307838562	0.02477602998306342
G003432035	0.009582157553381	-0.008661633887238835	-0.001181801903195649
G003434045	-0.001674978365900701	-0.0067470043538548395	0.04150967443086449
G003435055	0.07386511959473231	-0.0224383155336574	0.014149035508435662
G003435925	0.02697925171933611	-0.0017795999575865747	0.051196330205622496
G003438995	-0.05227336095662786	-0.02230987116226029	0.017844073946232053
G003457795	0.031917304090287646	-0.008059405699875843	0.043915140100554834
G003458885	0.017469994198246176	-0.021287835220782023	0.030812265416165715
G003461285	0.010942505639311954	-0.019570360169077573	0.03622734450497138
G003467125	0.024263918503052054	0.03347046447192352	0.013152806633083597
G003467845	0.014793952895493694	-0.010329198951569949	-0.0010196648566350298
G003477885	0.043643105433005425	-0.014237838328881675	0.02708817302727455
G003478165	-0.008692468051322023	-0.06039607795597738	0.0030373534117449368
G003478285	0.010816062237123069	0.0012972015971724272	0.003954141930809506
G003478355	0.0316524980454016	-0.02123551545565308	-0.04067157862891681
G003479825	-0.040435038356175644	-0.04378250166057529	-0.04920294531290285
G003479885	0.022517223017384302	-0.017724668512836005	0.03752657451695412
G003481355	0.010314654477896446	-0.03088366962252216	0.041988790067225515
G003481825	0.03067397057102081	-0.010442858164852816	0.0003034405575226214
G003481995	0.03063491919078734	-0.038058729115976686	0.0343957418851118
G003490145	0.01520732221176858	-0.012571889222987534	0.014074869770838968
G003611805	0.03310465592296065	-0.05379826357980187	0.029960385982187313
G003762615	-0.061356282606829876	-0.04156242223173261	0.017472845026923377
G003762715	-0.027320292528567918	-0.04202459289726733	0.01034909023668397
G003762745	-0.010766614693619047	-0.015330650238837337	-0.005849129301486038
G003762875	-0.03765775327414553	-0.024577772482044583	0.03072791471687638
G004102775	-0.028675525821055467	-0.016777450993675867	0.001097617836786886
G004102785	-0.03856027968557368	-0.017036396791984848	-0.014625041316106868
G004102805	-0.007255656485889007	-0.013078731683594377	-0.004737143642962324
G004115465	-0.04328627133611206	-0.021919727267639764	-0.005831423030982791
G004127505	0.002005304799313442	0.10974020193199481	0.04127011632455757
G004341685	0.027343632841675188	0.022065601306433803	0.01899923755465315
G004552135	-0.014970178060500201	-0.011590876680934432	0.003743008749668552
G004552795	-0.026802088644817094	-0.01252283064578968	0.03247177871239793
G004553245	-0.00908810788291511	0.00039092306388388765	-0.015593249459011875
G004553345	-0.004830473831675597	0.0004422117904969755	-0.03918093728554333
G004553635	-0.017000703544351684	-0.0012139873824609313	-0.04283431081256875
G004555055	-0.057573897400317146	-0.0009418659315077095	0.016351450748131498
G004555765	-0.02889062471707433	0.001257634801317541	0.02692153424121572
G004556045	0.011418932592358872	0.006288544239234031	0.05262179958367227
G004556245	-0.04738676947501533	-0.000191064934943291	0.03968750893250076
G004556445	0.021357261732251557	-0.033313189328043585	0.028015226607960093
G004556705	-0.018701827198646343	-0.027948325221236567	0.03288956678049178
G004557065	0.025545701987159743	-0.011000234166275515	0.04032291581242162
G004557245	0.011972481066646341	0.007301205919063216	0.05749932531645205
G004557415	-0.002023030340906103	-0.0059897183949501435	-0.03396539214169943
G004557545	0.030178275429254182	0.010308254373883179	0.020480831042913754
G004557565	-0.014419988343042292	-0.009610717505593669	0.026443661289408813
G004557655	-0.011878045275786484	0.058073294539145094	0.010711582154651908
G004558425	-0.02564401718146917	-0.024427998604696362	0.007416957799047046
G004558535	-0.0060402733672937775	-0.004513631882582399	0.02974047000002289
G004561075	0.0021797932442676462	-0.024121499833274117	0.041886295853185894
G004561445	-0.014552709631767993	0.0017138950416620696	-0.03560149201017322
G004561455	-0.0011561729667246715	-0.00033771668034944204	-0.06682132775667149
G004562255	-0.0022666072311660385	-0.0065613082820106935	-0.00035444155652283513
G004562975	0.05375329036807226	0.0027181256886090184	-0.0180539572032596
G004563195	0.013063619039025403	0.0031657733607022348	-0.030121566993561544
G004563615	-0.028092070006033636	-0.00892216521928135	-0.013795248764314637
G004792655	-0.02006849807645171	-0.011276769718409477	-0.028543255808042647
G004792675	-0.0013450016153265449	-0.00448497630830468	0.032550577529396
G004793665	0.057354379260131136	2.8987711253224552e-05	-0.009773886903548705
G004803695	-0.06264662205699575	0.000329815664217789	0.02916531220328077
G004803915	-0.027623771313111802	-0.0071018454072713545	0.01746652273583229
G005048345	-0.003992703015922627	-0.0065073985121757005	0.02613226833093913
G007293315	-0.04398287319030405	0.06215969065405187	0.027787903067039748
G007559425	-0.04823794444976975	-0.016203830557073067	0.012947212727333733
G007581405	0.0036903055637316495	-0.016170261822436846	0.01432342649273579
G007896885	-0.061218753321856875	-0.011941781462424708	0.04306097596981863
G007998125	-0.026293291600248316	0.14725149705735452	-0.05293726889196981
G008040105	-0.016636131524469824	-0.008979271229151741	0.033598682615191354
G008273775	-0.024549257991069096	0.15210364632771256	-0.05677031385718082
G008667375	-0.025008490313539068	-0.040184939824258546	0.0030306295644506216
G008679325	-0.029867631028352694	-0.012460658929872076	-0.003892912688589809
G008698165	0.11944101088426543	0.04669109260947599	-0.14324032081078275
G009695875	0.07157877781752238	-0.012243309839416862	0.008535324057834975
G009696045	0.008485007926727935	-0.011503961769695075	0.011159343887027275
G009696485	0.03494035119320469	-0.017260531214368054	0.030037599422944018
G009696565	-0.023732667131257844	-0.006119939283638671	-0.007804735523218757
G009774765	0.023193396629506268	-0.021723428501415804	0.01378698852700219
G009774865	-0.01554405284864689	-0.02290316787801006	-0.026552055302583553
G009831105	0.016592728061208175	0.003749638981583844	0.015422160798773364
G009929575	-0.04270173557810074	-0.018298171893099912	0.0010796261136561628
G009930375	-0.03448270709383323	-0.0025939017842968393	0.036507821680430146
G009937725	0.017084193744465074	-0.02728718437381065	0.028103670108139116
G010367435	-0.02669014112409596	0.03281865800181749	0.054548790577365724
G010500965	-0.03393099155327335	-0.001705780200914094	0.05400209554097062
G010537155	0.01961136317756814	-0.010586490976142776	0.010735628009406837
G010592515	-0.027701582621289012	0.14231823552972353	0.022859540660110565
G010667615	0.07532220092179777	0.008149197173432347	-0.03546567660640465
G011959405	-0.032390415282473425	-0.028337953186695818	0.002400715854398909
G011959465	-0.01598468343262538	-0.005538862287126555	0.042128304749032265
G011959565	-0.03209459554311994	-0.007824994444087137	0.045894389820519736
G011960185	-0.031954870559547155	-0.01951755441294414	-0.01591859478750527
G012102505	-0.023948568346141726	0.1679543173851465	0.02505244617310123
G012161415	-0.024840494673636932	0.15204168607940627	-0.01780963307535092
G012357415	-0.025494317422885684	0.14691581943280413	-0.04929265303898539
G012932365	0.07776451840557924	0.009011960111632859	-0.08293892358995704
G900021155	-0.03825305275867629	-0.02115353193865851	-0.0019206029298592078
G900046475	0.04554897491781308	-0.017870351519542242	-0.025682763562347347
G900066095	0.02533710405821011	-0.026049299572061556	0.02923949625427423
G900066135	-0.0068298601989673375	-0.019575137944961216	-0.005837005675264708
G900066255	0.0161288218599523	-0.04022285113104041	0.03583880661710524
G900066445	-0.06821629765549744	-0.02286232974693693	-0.023460215690941748
G900066505	0.009657765308659961	-0.023294034393868186	0.0014884527732302003
G900066525	0.02038065798153809	-0.01929988190028445	-0.0142028489048722
G900066545	0.008738717073157426	-0.03582418955254729	0.03245025070745696
G900066655	-0.0301860866556997	-0.0073601712398002755	-0.062454765364543884
G900066885	0.012260118274658439	-0.010717012703769721	0.04346337809350114
G900079775	-0.009427071725603628	-0.005102935521974041	-0.0902187687255847
G900086585	-0.0007432361393858463	-0.011074329789655012	-0.033669638967815926
G900091655	-0.03720562876858777	-0.021625429956821516	-0.018874489647567824
G900091675	0.004070562781969494	-0.03230008890779668	0.01823461871334597
G900094885	0.0788089237954759	0.0007449563340786743	0.007359336967825107
G900095865	0.025825811162987142	-0.015848610191901646	0.028682427483459606
G900101655	0.03339146150700393	0.00042670177867908777	0.015810613068206157
G900103315	-0.01788042055593968	-0.012047566306437872	0.030758821960844736
G900103425	0.06528352017787847	0.05869507004541366	-0.07328799812361105
G900103535	0.021575021694760478	0.044438266921964384	0.01609523188068308
G900104585	-0.02755332380235603	-0.01709193720351266	0.05406921354110953
G900104605	-0.006119488503462646	-0.020899399813800134	0.011500038419724985
G900104615	-0.06700763439011143	-0.07777935786612838	0.013826531282197149
G900104675	0.01592777680732415	-0.012938209857035324	0.005546728874045989
G900106785	-0.004768871908253026	0.0025607202433151005	-0.08039227215337405
G900106855	0.04163662661473764	-0.010240441891136515	0.01099406692139753
G900108345	-0.059273256140542775	-0.0513162953072703	-0.053439808891430365
G900113155	0.057651000479026895	-0.051397803267754325	0.010791965362065389
G900116045	-0.13770982672067414	-0.005019934267016032	-0.015765086964584
G900119895	0.042983725766973443	-0.015433421760018159	-0.03300325430424828
G900120005	-0.00482872706487513	-0.026502261033727628	0.03073822019088976
G900128475	-0.02508630768842306	-0.0056420157264088335	-0.09775010735496022
G900128485	-0.08457235706462608	0.02566010794403731	-0.00896309198691914
G900128905	-0.03397839465649668	-0.005302017055784668	0.05283245371121592
G900142165	0.01805417771073793	-0.030866586824194846	0.03929913909697689
G900142265	0.022582254921795542	-0.014016116873528476	-0.031527227568903464
G900142485	0.0071063449225631705	-0.0119879986912678	0.018589068868684583
G900143685	0.05909730243040082	0.002594577609879531	-0.056539404291916534
G900148495	0.01763680563200621	-0.009189925816890748	0.002615102337874697
G900155635	0.04821241239559288	-0.019245897163706557	0.013426738029927675
G900167275	-0.03320454788245058	0.017654833269625397	0.04638417467354773
G900169495	0.06212264835372523	0.013461439349458796	0.007125614249339524
G900169975	0.00637075435487306	-0.008743362431527674	0.007051281434812666
G900176655	0.05208880289347525	-0.008024620532131125	-0.03450011958355056
G900199495	0.019853956155233228	-0.02658116656651808	0.0025572160930891533
G900227605	-0.0263252337846276	0.14470592355584352	-0.005776847969598861
G900240225	-0.03521170289257052	-0.021177016537474263	-0.002125513588532993
G900291465	-0.035968435089288285	-0.023159469318230933	-0.02497730561172482
G900292045	-0.012738093614996752	-0.021746552258216013	0.050630412808553155
G900312975	0.03703393863419014	0.007881583589187871	0.00845726869301305
G900316315	-0.038112273735251515	0.009653319628996362	0.031227038286395038
G900445225	0.009925905823233529	-0.011104151974577873	0.02612749201668876
G900538745	-0.02965307178047219	-0.034878117142949035	0.0216514945895654
G900538765	0.02447705600355672	-0.06469835090433503	-0.004544512078292212
G900539795	-0.009435771972242449	0.001565239348889186	-0.06496139442202141
G900539925	-0.011497747219189542	0.025267990460036298	0.050702522487083734
G900540205	-0.008023799897467578	-0.01107389336185764	0.03863169202627031
G900540535	0.03652359826572076	0.015118170924166383	0.025800604295162188
G900541935	-0.020963225784347405	-0.007116635839380122	-0.04277599168015138
G900542815	-0.02884129983058663	-0.01879075072428005	0.04550767954873239
G900543375	-0.0221751162649835	-0.019326774363565027	0.021762881162606985
G900544565	0.053677285241358494	-0.006649528559176047	0.041311848794905494
G900544945	-0.0018778838969094385	-0.007462766952891607	0.03636485173138456
G900545025	-0.028156864814031388	0.0032130921018100555	-0.016641282476664312
G900545585	0.061560705229739394	-0.022251397305972472	0.039990017084468116
G900548875	-0.06414591862813063	-0.044577950907753704	-0.006713224097723218
G900551515	-0.032487178021748046	-0.02286562517726414	0.013860448184613372
G900552255	-0.02424138933506182	-0.03146395029374405	0.030640937678923286
G900552655	-0.020357521477134738	-0.0029261852390892896	0.041289713412338024
G900552765	0.022069020911377753	0.030946307199794593	0.019851461610961775
G900553625	0.0203883353125182	-0.012900801063278976	0.035001029715571355
G900604335	0.009314690999929154	0.001945485122059653	0.013250938009490428
G900604355	-0.021161749648845422	-0.0345700845471603	-0.019466931918054944
G900606105	0.04354099151944583	-0.01413909005994163	-0.0478290091355431
G900683765	-0.033888653922989787	-0.002021468009046022	0.00187875434911406
G901212675	0.07619798784373331	0.032326619981626	-0.08037029364659752
G902160675	-0.02913968464507537	0.0033394229097623435	0.006047559120240143
G902167945	0.01636354572440043	-0.029899953688254564	0.01060930950232644
G902167965	0.019325423242399005	-0.010387663306212644	-0.00010483323397364099
G902363025	0.013385465702376429	-0.009450119226448216	-0.03355648001858099
G902363055	0.001370520867769378	-0.009965284633904682	0.019510965620428318
G902363075	0.016136118250362555	-0.016437521021691097	-0.008964939228103779
G902363425	-0.08057654867889107	-0.05153189934999032	0.012736891148819584
G902363555	0.004779799685210616	-0.012695016858858326	0.021629593089835777
G902363565	0.007611230173777719	-0.010693133634224231	-0.0009579065391474919
G902363595	0.05248097400057908	-0.021421939574089083	0.028224713942842584
G902363685	0.005301594784124666	-0.026005901701443665	0.02789485415689983
G902363725	0.03618663114823183	-0.03686156553755006	0.010659107910146834
G902364485	0.010360920785253845	-0.02395727263685928	0.015526756327650569
G902385285	-0.025731192062968117	-0.014601614587545244	-0.07750922636941712
G902387315	-0.07571850441805798	-0.07162872196078346	0.003245912391443617
G902501965	0.04851818124105122	-0.011082906785354965	-0.045032424483868766
G902762555	0.023936522448394608	-0.00598715273968499	0.04421030416138777
G902777695	0.014456826558330521	0.017052789797496536	0.06806492386578389

Site	10	3
14577.TB.TP1	-0.22565976558020706	0.37276578543887684	-0.6331440961885557
14577.TB.TP2	-0.5311996198892441	0.12302128566651249	0.554313756278002
14577.TB.TP3	-0.22627690091788805	-0.6975272525580145	0.08097028219582625
14577.TB.TP9	0.3631088690895878	0.05613690113792896	0.16793395138838285
14577.TB.TP7	0.24578546343376753	0.24773548156711153	0.26903212969039947
14577.TB.TP11	-0.2196530246998314	-0.032772784769256116	-0.3436637338948751
14577.TB.TP6	0.21884593756055626	0.2321632536532573	0.10376572848832913
14577.TB.TP8	0.5026737929012669	-0.08639297355002679	-0.028650016297290387
14577.TB.TP10	0.11850448685738796	-0.4310343005583311	-0.2275649801582384
14577.TB.TP5	-0.2461292387553961	0.2159046039719412	0.05700697849801967

Biplot	0	0

Site constraints	0	0
