Eigvals	3
44.53159455540467	41.652881438258724	7.909396225620752

Proportion explained	3
0.5245387793470224	0.45891389655004644	0.016547324102931166

Species	624	3
G000006865	-0.0624297866804967	0.05452662054172641	0.017434438266767112
G000006925	-0.17823851337823682	0.029086558827167354	-0.023113020528446306
G000007145	-0.06626037447672313	0.07463284290035167	0.002741479373545163
G000007325	0.005599159624504951	0.07322787887525398	0.022897285048205488
G000007525	-0.010417390356832182	-0.0627606251141824	-0.04814077031135637
G000007785	-0.027045660343762046	-0.007953049501967268	0.07095056494067785
G000008865	-0.1834305513529164	0.02563585570301793	-0.02529330700549857
G000009925	0.01639717529257363	0.023212802354821652	-0.09585333532470627
G000010425	-0.021826814682375	-0.031047215268738205	-0.01927518125743536
G000011065	0.015406795102393893	0.010724306313622924	-0.07881101612267577
G000012005	-0.17733483170006845	0.028766211276329143	-0.019779094716349067
G000012825	0.01641963279550936	0.019492312703309658	-0.14583939475649746
G000012845	0.004849663151983274	0.039961540826535004	-0.11683773200275387
G000013285	0.013433699213866085	0.00775256079113517	0.0003842832026071633
G000014205	-0.004406850533689529	-0.01872716200622744	0.019989568634354787
G000020225	0.09316413075616008	0.02326657785885326	0.013203079932437639
G000020605	0.006632930101161661	-0.07610585842991792	0.005973549090485889
G000022965	0.01967977461362054	-0.043646956386058096	0.028727689138290338
G000024945	-0.05021258880536796	0.02414783902812671	0.054395580371156355
G000025205	0.022700877260368298	-0.03455554193021722	0.04242088506486047
G000025305	0.024565505389692363	-0.02875234212184987	0.0055448038131472085
G000025565	-0.047677182142932734	0.04099450240612928	0.019598911286274244
G000025925	0.008236478958657605	-0.06401346361233365	0.03597842599533778
G000026325	-0.17233833307981097	0.027390931667854154	-0.02809194966865397
G000026345	-0.1805440076516286	0.026667773497945278	-0.024162622996072768
G000144405	0.020522410771881005	-0.11510258723379396	0.03444183455378145
G000144625	-0.006118141869370918	-0.007445481395132735	0.009335833996803993
G000146675	0.01999704189304356	0.01163359278072938	0.005604352383233127
G000153905	0.019883578924770103	-0.028671350545638262	0.010994446572297157
G000153925	0.010520576061836031	-0.004383150625617261	0.027313392182591056
G000154065	0.012402283825285245	-0.03726926162153473	0.029555341575850505
G000154205	0.019472254657929407	0.017563966436835266	-0.14065078469831024
G000154245	0.0010162689865707828	-0.026546675977966814	0.003871163369743211
G000154285	-0.010153255473395784	-0.014897657438097851	0.00939898615507912
G000154305	0.027885445030998532	0.00955211054045391	0.03577508651941141
G000154345	0.04026265635909655	0.030829583961588435	0.04893042735578274
G000154425	-0.005245849340236854	0.010910168433892208	0.03712891532760384
G000154465	0.001985240582517032	0.0005104606899141731	-0.07747644622031676
G000154505	-0.0015066645330927583	-0.0007925057158944641	0.026103999636079952
G000154525	0.02710296021747567	0.0918171070514091	-0.1442361113184773
G000154565	-0.028614116181446055	-0.004539545284985849	-0.06929328219106727
G000154845	-0.03493543877666129	-0.018471315835591324	-0.1324583243712234
G000155205	-0.017599011177919156	0.0211126669849431	0.049149306576148515
G000155435	0.003533986166345419	-0.03440527959483036	-0.012024560691102727
G000155875	0.009200958655894813	-0.006251867140354501	0.01861630568319404
G000156035	0.005773636160304972	-0.004790680302448885	-0.01883946557137826
G000156055	-0.07829207994182509	-0.054071084941701965	-0.047351129724966315
G000156175	-0.008289692679510024	-0.008952592646423741	-0.018178534157396332
G000156215	-0.003128371818270045	-0.007452716571667344	-0.028397993863102412
G000156535	0.01607853803713571	-0.016110747656570768	0.02970692738191209
G000156655	-0.025442081838123617	-0.04543074013131389	0.03896463950034702
G000156675	0.010729309514205561	-0.015002501102554902	-0.011877049736110751
G000157915	0.015142837642416964	0.01228186076697957	-0.09470632483776313
G000157935	-0.013156199383125365	-0.18783765555961277	-0.10227860630194492
G000157955	-0.001635683925141276	-0.015041770860295947	0.007287461520239125
G000157975	0.01988008485765794	-0.03763576233228217	0.04170272458120349
G000157995	-0.0008100070493983755	-0.027247642617345712	-0.010665848584831066
G000158075	0.019572136080679634	-0.03614681882641717	0.005839837460420506
G000158195	-0.03377297298416741	0.1258571618097927	-0.071795694439554
G000158215	0.009016048409789833	0.06930747880049236	0.017097954706038324
G000158275	-0.0012636602770098198	0.08036216885171749	0.020275959353274794
G000158295	0.00739436172700741	0.08015770994756258	0.049141175272699227
G000158315	0.02176670612216479	0.06010583561835893	-0.014405214481777428
G000158655	-0.011828225948324906	0.013210314355895024	0.034256883554495
G000159055	0.0051025159438458255	-0.018347461644597947	-0.021857244177075973
G000159075	0.0026118954003387968	-0.001918152270638203	-0.07118272406345408
G000159155	-0.0110111226068453	0.01060895010711911	0.05867001578504132
G000159995	0.02667492347592099	0.011898260141763988	-0.01937601052742298
G000160095	-0.010492546502158176	-0.015993747559215985	-0.02179403215596011
G000160535	-0.008945347487737095	-0.028405824795583644	0.03453905868278099
G000160655	-0.026798720960236885	0.008423698243272623	0.040158330779577256
G000162015	-0.012725882721130018	-0.060229143713560584	-0.03679368558627214
G000163515	-0.001113851407436727	-0.007167177829878837	0.028366922745665005
G000164865	0.02086302250697242	0.03681224145068289	0.037086692937893746
G000165735	0.025306705646319847	-0.006334697446319735	0.056607754249342855
G000165905	0.01222608435347387	-0.037359891698545075	-0.028163589797721426
G000169035	0.003534472463153074	-0.017150359135815297	-0.017227348357944483
G000169235	0.0077085791075761035	-0.019802238531394154	0.002586870860941434
G000169255	-0.0015043895671786591	-0.017251297681730737	0.0027195329835470617
G000173795	0.051439187528755155	0.011744127891530764	0.022245050510439353
G000174195	-0.006094005584230819	-0.009206310662685716	-0.0022367783160609435
G000174395	0.022684703706989783	-0.055537423335489694	0.028680690918466666
G000177015	-0.019772187274598844	-0.009017752734729212	-0.03521609191989552
G000177075	0.03019095531789711	0.03378634345840576	-0.038233745018184814
G000177555	0.002789019060924618	-0.012334361681092547	0.037408339952304595
G000179055	0.018000439399591086	-0.06777479624267392	0.031442798596168546
G000183345	-0.1750348213523743	0.034454258446190204	-0.02541144963059853
G000185385	0.006649959601358471	-0.025464748461131913	0.037472615533830626
G000185845	0.007494778010182993	-0.0141147741392993	-0.0018310087455920832
G000186425	-0.02212736264763976	0.06983749576694903	0.028270771130431617
G000187895	-0.0016795672652903275	0.024381346212740768	-0.15825925952253433
G000188175	-0.005809452084471007	-0.02444782437171167	-0.014813475297533626
G000188195	0.005823376655007222	-0.005650371200285809	0.024394941117316597
G000189595	0.004399993172716014	-0.013186184827418965	0.0030573675262756408
G000190535	0.003062637509321403	0.02567006866341495	-0.03869362984360585
G000190575	0.027603917617595206	0.016455274660330744	-0.054267592995055285
G000191065	0.018830103587341676	-0.014453886004533912	-0.0012020489351963434
G000195315	-0.009984707029933412	0.0018501089171972563	0.038625003274201083
G000195635	0.012127145504995045	0.011587105000928782	-0.06319057268077719
G000195995	-0.03798706958498127	0.08486791903495451	0.038503490669630845
G000205165	0.016135790362962987	0.020173713923871732	-0.08566060625316091
G000209385	0.017915572597142115	0.035897430201923264	0.03567892887700632
G000210055	0.03126036043412015	-0.02282919373257283	0.002293176504034124
G000210555	0.019260495065141683	-0.010075428183175944	0.039739034062235834
G000210575	0.01204248525057518	-0.0011172266203351225	-0.08650705549757429
G000210615	0.007103232635870312	-0.013566084712934768	0.01873933676581642
G000210635	0.010501705902006116	-0.009107777708007796	0.046099265493976804
G000215745	0.02183014724086435	-0.011862516870186957	0.016483779700292838
G000218235	-0.008130767986312905	-0.0841705195251519	0.037646830590472184
G000220255	0.005268027127100275	-0.02010315318552906	0.027204617031944378
G000221545	0.021322076109018276	-0.022337644722263843	0.05229899650409346
G000225345	-0.006923871659545459	-0.028382567887059392	0.005216031363468004
G000225705	-0.013440016707897042	-0.004656078314271857	-0.003006466378420218
G000230275	0.002848592422015555	-0.03182200557487313	0.025043179177666332
G000233455	-0.003832397438599236	-0.0260094831538774	-0.018949294138068278
G000233535	0.016211155745207574	-0.01733081957871683	0.025108363870051772
G000235885	0.014442278009978441	0.009613609194182377	-0.08099745864425019
G000236865	0.016160813360256137	-0.026902114886703785	-0.006913691947643548
G000238215	0.011721950107969512	0.017599577838477168	0.007084177837900791
G000238795	0.029708773959790886	0.03682943204058515	0.04214634225778298
G000239355	-0.02041737634661332	-0.005350543785964672	0.025280573984654494
G000239695	-0.03582463083065465	-0.07653038705798804	0.013169225960796728
G000239955	-0.007953243425178943	0.052686092939062186	0.014021871333145754
G000240185	-0.10419567308526936	-0.09826422040824301	-0.01926481265189065
G000242215	0.005491148773285651	0.07431828209417973	0.0395512685955789
G000242235	-0.0035186851060758904	-0.02268679017261005	0.03353898932365573
G000242335	0.024181001980420697	-0.09971698378243372	0.021903278047755145
G000243215	-0.02715279335721617	-0.0170582778694056	-0.036909035344147356
G000245775	0.08311249290530699	0.07135425481053452	-0.07294584912730957
G000247895	0.004679486319017987	0.07322408894269747	0.030275560460977336
G000250875	-0.029598641261642168	-0.01555230105142986	0.0250078709615153
G000262225	0.008739946941545656	0.08004873609030602	0.04829703575405623
G000262545	0.0026205520682392215	-0.011592718880806117	-0.032333016813056725
G000265365	0.021449264371297565	0.03533103055084059	-0.05310607299359098
G000269805	-0.019423837757200593	0.07121740474300299	0.03684695642085373
G000277715	-0.0204010787704847	0.03720372334027298	0.022763468699134648
G000283495	0.026649380950160687	-0.007994143894210125	0.03841462137569666
G000285455	0.030306945382911715	-0.006149639983696011	0.0001633774280833843
G000296465	0.03150229701721287	0.012440015024702322	-0.08457488809899014
G000296505	-0.003312359880645119	-0.025322625226920276	0.040705195222128544
G000297775	-0.020003369247714838	0.028942693638334068	0.039261659108457296
G000299455	-0.17688114138559496	0.03344683758841499	-0.031100936315159405
G000304215	0.008009482336616554	-0.031722419420376305	0.04063269082251897
G000307375	0.012657801014751929	0.007539541041461505	-0.10375732544336393
G000311845	-0.008049501692875901	-0.007937709710031469	0.017640929819807867
G000311925	0.029971859321137634	0.030776334841562218	-0.028717861417001583
G000312145	0.024714784587242355	-0.013929977452171869	-0.031499088645087936
G000315485	0.018788632475589952	0.02552071547644392	-0.07152913863520957
G000318135	-0.00991343135120154	-0.0034640231172201907	0.009785446122872172
G000321165	-0.007916499403278038	-0.007568671725293829	0.0018537935267145067
G000321205	0.017194066387882897	0.009391831362576378	0.02055910223699603
G000327285	0.000903559191421473	-0.029759056211732342	0.003202276966193783
G000337735	-0.03907234651838194	0.011859928798423484	0.05784993003653379
G000337895	-0.03431658149737377	0.014076364139844548	0.057376183719541424
G000347695	0.02380524512309149	-0.032980992592943806	0.01620356898192982
G000349975	0.08172823208176527	0.06666145332433157	0.016341034344913335
G000371705	0.02200868646327999	-0.02156446457819452	-0.023916967075640096
G000372405	0.006799401632143996	0.02327527221056935	-0.031764392103186594
G000373885	0.0818735873019664	0.008512552304297497	-0.01751954308195104
G000374405	0.007957964906972662	0.031281432781414834	-0.028957735182777285
G000374585	0.012925769222163984	0.041842883873672326	-0.06188108430676039
G000376885	-0.00670110255258692	-0.02679932805197432	0.04266856964936509
G000378745	0.008111656105460904	0.021709556228243273	-0.016642329915393658
G000379965	-0.036147347987579265	-0.06173345819313468	0.04377402354510926
G000381365	0.005417149611992778	0.06017013325081014	-0.09285192888191353
G000381725	0.006687680178961619	0.06805156062412888	0.048293880206273586
G000398925	0.02028136576366442	-0.019394054226192427	-0.06698224245009798
G000403275	0.045529790494748645	0.01606710927057053	0.05137191866246465
G000403295	-0.025320848072499146	0.008869593366996668	0.03179703632751854
G000403455	0.01684657970921037	0.013095003250165152	0.03397359686901111
G000411515	-0.031668128273972244	0.0002677175275609928	0.033832056303310855
G000423385	0.07474388264225636	0.021504709611808018	0.0013320218286354342
G000425005	-0.0012046321119873948	-0.013767328673861132	0.027202960571964342
G000426565	-0.025680502232835443	-0.09180058009972712	0.045129716542142505
G000426585	0.02489764371381039	0.023729077944662693	-0.01611098363839711
G000427365	0.011913556927928993	0.041077214765325186	-0.034415329829665754
G000428205	-0.04480398466278692	-0.04163025392143173	0.019729001450600758
G000428565	0.01141369606500838	0.011602453581895565	-0.08671883440627716
G000430525	0.006961394087998804	0.030739822052536305	-0.02891781993997684
G000431015	-0.01963739797239272	-0.007478865980338567	0.035955370606756604
G000431175	0.05781324409393123	-0.004422721547302223	0.021697833357376826
G000431495	-0.020945236103309492	-0.06535306761235414	0.0329606702741999
G000431915	-0.015089860983108536	-0.13790666151166125	-0.006665333808831587
G000431935	0.01310001059283974	0.06278270052789567	0.0027292864603234122
G000431995	0.029379307236250953	-0.0021343232998373334	0.04879368373067652
G000432055	0.01999080854317759	0.013053603468712637	0.011149585105301537
G000432435	0.005414836909611598	-0.02032141735502625	0.024686300025928372
G000432615	0.001433667985759617	0.05242542706596374	0.0429980562315805
G000433375	-0.001282828323873995	0.017766298107861105	-0.09359846803075125
G000433575	-0.0004898962433712668	0.020933098468709298	-0.016696077351634347
G000433955	-0.018083799722126075	-0.031104244856617773	-0.11705116194578867
G000434095	0.011879276282269077	-0.002571188822267054	-0.02010226457723145
G000434135	0.09461256514911727	0.02312062211430485	0.0386525159801326
G000434475	0.04355912393126949	0.028633956582754704	0.0269112916690399
G000434515	-0.03405443115820443	-0.13026830075878507	-0.008032580131944288
G000434535	-0.023874655624428292	-0.026470975179711087	0.013087747356053614
G000434735	0.0018831946535567126	-0.010285696884389605	-0.011559865393144544
G000434855	0.029383602405895378	0.06567572792315889	-0.05664029691284932
G000434975	0.025682983941806684	-0.08098080129081675	-0.022979562531237487
G000435075	0.014329339832029104	0.005122410517243293	0.002015566557158848
G000435555	0.02214880462080922	-0.06702891509019752	0.021389520648452013
G000435635	-0.023099132629870192	-0.028153137487714145	0.002895013030665372
G000435735	-0.015557626258866343	0.031928792882358226	-0.007583639022273641
G000436035	-0.0002836522628332105	-0.06193880846171961	-0.039597441045025966
G000436055	-0.011203964180583765	0.007333483897397219	-0.03906370588521085
G000436135	0.028728675131802286	0.023430645461911828	-0.12458788740134523
G000436195	0.11415092690108222	0.09917308607527524	0.019141747883574717
G000436295	-0.006248434890973511	-0.02739939916874763	0.010311381442528347
G000436395	0.08555792113516042	0.029653517790683266	0.022853546431136733
G000436435	-0.0014876163114289828	-0.003432529349698539	-0.08373811914391131
G000436695	-0.0063074727805367105	0.0007842471845081598	0.011618838553261748
G000436795	0.018554991162760458	0.020909469197688116	-0.05921028459767457
G000436855	0.0064632673374088465	0.007525639737576547	-0.07822938891742437
G000436895	0.030567742652048382	0.03425178472935797	-0.1038952678608958
G000436915	0.06731710008426083	-0.04426284528120649	0.00952941787870355
G000437535	-0.0383620493385126	-0.08974902595791492	-0.008876462540697062
G000437675	0.032310817470272826	-0.06653227802647764	-0.020807614097725014
G000437715	0.03299812998412837	-0.012948995971622999	0.007571053873205814
G000437995	0.0029244734171352906	0.015220165265647666	-0.034835403505857274
G000438035	0.017539147934391507	0.018852634940136635	-0.14013566285328746
G000438395	0.0005483740421234394	0.05812085407479117	-0.10680932048168032
G000450985	0.0004416755248089838	0.043768117232476846	-0.02983539102426774
G000455225	0.022820017390245865	-0.015268511843170723	0.04665782686101006
G000455445	0.02310480911629784	-0.00340074314197586	-0.028741556392175887
G000463355	-0.024828301370978866	-0.03457355352910265	0.035179889489639515
G000466245	-0.04635596635872188	-0.009380996153246566	0.01783837321971244
G000466465	0.008041604866306644	-0.029830152557556507	0.013047065039918333
G000466565	0.003484533771607585	-0.028945335523733736	0.016172623544241743
G000468755	-0.014731986412581569	0.015887969288698456	0.04019467969746971
G000468855	0.0021153096787474837	-0.006897841342256398	0.05073177609730369
G000469445	0.05123120610243526	0.04174333550382467	-0.07719639295915047
G000478965	-0.010311828110423233	0.0209722321450863	0.06084621278138845
G000479045	0.008254481675288992	0.08128656523037739	0.027845740299857744
G000499785	0.00754991946042243	0.031574658837779684	-0.031374428775150474
G000511775	0.012509035220374063	0.019279705482327276	-0.02239747429715706
G000512915	0.009705864641464732	0.029894988992333935	-0.039339816061224456
G000517545	0.019522664052243073	0.02801948313951074	-0.0195353288749745
G000519105	0.012955876502451039	0.016171076324393064	-0.06201001929796899
G000524335	-0.004686181645645405	-0.012089194449616524	0.042379812552178646
G000526735	0.01247861232473001	0.03290286312565477	-0.07875966841499549
G000565075	0.000739666817876204	-0.022953667529845713	0.035642147975842094
G000585355	0.00636129504640604	-0.04734903424196934	0.02361564345878268
G000598465	0.016433077980367174	-0.004267427664803798	-0.05950901430148189
G000598965	0.01854633351409305	-0.0017902299652483254	-0.06070720874181798
G000599385	0.018354283398015328	0.01876350833403728	-0.08116967682109827
G000613345	0.011130533633723001	0.01573647243075806	-0.0226637596241154
G000613525	-0.02552589493090998	-0.08293236048026034	0.03729428600930946
G000613785	-0.03073629519294278	-0.08365677750536266	0.044463580914080036
G000613805	0.008741443488150697	0.00799483239821217	-0.0025139905179080925
G000613925	-0.0033880407888866007	-0.08110615878480558	0.03434548180799097
G000613985	-0.002253966299546496	-0.06951779819796065	0.03381432647642482
G000614145	0.0070611250211175276	0.021698305993475636	-0.06176160518385618
G000621445	0.010656244033802048	0.05877175363611061	0.04353216897916336
G000622245	0.00373634610507394	0.06935993659461723	0.03918310037872986
G000648175	0.034187668405241484	0.04067914417758547	0.06279436088745223
G000648515	-0.03363711700544158	0.08543052572101711	0.028193136521630264
G000686565	0.07635198378288438	0.11702460395303647	-0.03974942004849641
G000688375	0.06021667455201367	-0.026131933824042584	0.008557364210655184
G000691645	0.00855477940075162	0.07649431086426207	0.04872280841309199
G000691665	0.009554282060993754	0.07217316698070772	0.050559827748932314
G000691685	0.011632677318557627	0.07257998289185914	0.05088567633880466
G000691725	0.0075533254390481785	0.07094962914894921	0.051020100020273955
G000691745	0.006757894981954429	0.07349338497173667	0.05009539357990102
G000694955	-0.10487145270623799	0.06131174655739025	0.01325653017934802
G000701665	-0.00463008379553705	-0.02532026103641052	0.024290970289425777
G000701705	-0.02068435877689476	0.029406384758181994	-0.019613888421749215
G000702025	0.013851512859650169	-0.025190490369026323	0.03532961078214317
G000723745	0.08661471720023722	0.038224911060638925	0.015968118105773744
G000735365	-0.00012404473665464922	0.05563045718915856	0.03597700136490077
G000735455	0.04245330592246041	0.04660853275793548	0.05000087833194019
G000735515	0.007028187382158429	0.08348343703421217	0.04449600049022787
G000737865	0.01886433397631706	-0.03209912589138273	0.03663819896522693
G000738005	0.013651997367219662	-0.0374069160124056	0.042835329261083424
G000741135	0.01606572888398778	-0.039988168988076216	0.0141790509037586
G000741165	0.014460311663353596	-0.040917252468060474	-0.03819056907640995
G000741175	0.01228311969134011	-0.08386483478977903	-0.1037151618685069
G000741205	-0.019537319302550052	-0.004420947279626966	0.04432114186556866
G000741215	0.007942331828804284	-0.024649261896136653	-0.013806922184604891
G000741255	-0.020161737311833627	-0.015212502806274916	0.042294681451487626
G000741285	0.007645318888299299	-0.04302456599314819	0.027238518249635715
G000741525	0.010772430269874242	-0.0439091752635246	0.04059480547709677
G000741575	0.021438685573951295	-0.03658893641348593	0.006635302983576053
G000741645	0.019913828882207787	-0.05011128460325513	0.02893723076551998
G000741695	-0.009038845291233116	-0.009567269399405	-0.09584510545236474
G000741705	0.012396904738388316	-0.04550836205271934	0.04202459952502629
G000741715	0.011501392775442355	-0.02590809563118027	-0.01955561115134997
G000741765	0.025720627455445504	-0.02474806415826758	0.03634711644796783
G000741775	0.008470848087031971	-0.03102684407046417	0.023047664458924488
G000741785	0.04532316183472367	-0.04223349075647441	-0.07951925494110798
G000752675	-0.005861265383134248	0.0003475320166697367	0.021322429440918066
G000757785	0.0072599445172999485	0.0676534464976217	0.045047635447291304
G000758925	0.006879691872641116	0.016761612258957954	-0.03339626274527546
G000762865	0.025614910489144428	0.0008883742338394237	-0.015571803509292622
G000763135	0.10599934723827072	-0.060595991227807657	-0.06129586563760887
G000763765	-0.006906234995438242	-0.059837098351570035	0.02334211145926782
G000765235	-0.004762573582859217	-0.018068296499555943	-0.007428019972838253
G000767175	-0.012576557064573494	-0.045792586756575625	-0.04073517656481228
G000768955	0.029497876080100537	0.033373520142466175	-0.014285173318138123
G000775615	-0.04198705047946545	-0.03490682990260231	0.021512030786074294
G000777575	-0.17148004826777558	0.03522572554680638	-0.008797428878297339
G000777875	-0.13137052396954685	0.04274451120255733	-0.0009038927519496943
G000778805	-0.1203104748177361	0.050468157122712964	0.0012759957393529233
G000779535	-0.17618223765078245	0.02297627163223873	-0.009132247020950604
G000781475	-0.1405788881792716	0.045454219470431864	-0.01325497585241414
G000784965	-0.05071105452846629	0.10494329329248206	0.031617318829855766
G000785515	0.0614053757650814	-0.022114380403633987	0.03327988167661478
G000800475	0.010242840500575702	-0.033900082722800096	0.02758397619073128
G000803105	0.018191722268169373	0.017019062344564444	-0.0300732881693433
G000813025	0.03759427199729319	0.013924622157933532	0.0177619127373439
G000814825	-0.017610904988427604	-0.02208047631748303	0.010762264799098644
G000818035	-0.036646266018760795	-0.0010262635689066537	0.030674742482541716
G000821265	-0.011681167702956952	-0.02111774858465829	0.002033499623169572
G000832075	0.019300107283550576	0.036527366962400006	-0.004108161664304005
G000834015	-0.0011543699384755424	-0.0808518877957874	-0.016254168067985148
G000944155	-0.051613746761832155	-0.07676857565257679	0.0018105094788725918
G000944855	-0.1831817445198508	0.027976428143566004	-0.026247434456986678
G000969835	0.021111245237298366	0.019611359128839823	-0.0237789840728243
G000980235	0.010320670657907769	-0.006280490208707099	0.004500509736639002
G000980375	0.03477289679106795	0.015777908036846314	0.020644958759404284
G000980495	0.022539864085310914	-0.0038063880510435066	0.031093805504088273
G000980515	0.07910072032216142	0.07818782640518802	0.03252855970953169
G000980655	0.11195487102146065	0.09881288589436506	0.0192866734836706
G000982825	-0.009803486742115553	0.09966315884649207	0.043321987147569366
G001022135	-0.010828140646529016	0.10302430656612774	0.04535544829679295
G001022195	-0.10662112536228655	-0.0030031423402979963	0.015560765372469709
G001025155	0.007873811620616853	-0.0416663962152746	-0.013977462785664113
G001025175	0.004211160267556544	-0.051126518258409664	-0.026180303351795657
G001042595	0.017740576316361997	-0.03769774887697622	0.007294687664982013
G001042635	0.017695021838652392	-0.04364651165540434	-0.03737407814984413
G001042695	-0.026663937389610856	0.0007678755675835719	0.059542181749620254
G001045675	-0.002202042352723098	-0.005963081209618889	0.04270916107576507
G001049915	0.049360460548202346	0.023010685636973137	0.022588885996157798
G001066585	-0.06219475001054364	-0.09698390438464898	-0.019321260939631314
G001244495	-0.02059328110189914	0.002870427884374473	-0.008634344388652158
G001244995	-0.011968127342301184	-0.012603620452540105	0.019457074367827534
G001262015	0.01772499848312076	-0.08196226188884767	0.028210406351073258
G001263395	0.0042207193990458575	-0.03021853272926675	0.046942812778579576
G001267865	0.08308617775800616	-0.009820487377992662	0.023506460035006803
G001275135	0.0046940776069243515	0.03547812085174549	-0.06984457650040124
G001280875	0.043641589648149876	0.006333591521782318	0.011600762883147963
G001283625	-0.1753597803338393	0.030097363221001257	-0.027582319156482727
G001304875	-0.010235753319043367	-0.01683284514927797	0.03308473952995423
G001305115	0.00021600729225204949	-0.0255816466228576	0.018884138426146408
G001305135	-0.0410509016627573	-0.03995257085095134	-0.053232885217273235
G001308145	-0.0195938908988342	-0.041278996124874394	-0.026547057331800853
G001312505	0.017845562744615358	-0.00011782548946083443	0.016795569652554035
G001314975	-0.004143181120947595	0.013288847291658743	-0.0566721472209315
G001314995	0.00601165750222905	-0.0096604077751109	-0.08271212572513127
G001318345	-0.0037805632600718866	0.009977706398784867	-0.055988464754034906
G001398415	-0.062090084319622846	-0.04628293069526023	-0.007421911826699009
G001403595	0.02502018434599786	0.03433272092253557	-0.006912076813562407
G001404335	0.02315892281165763	0.0011678539052976577	0.025914192939750627
G001404455	0.019997546158617895	9.941580176509713e-06	0.01579202441009016
G001404695	2.1756883824474964e-05	-0.019863168852195908	-0.01790577393026136
G001405375	-0.027138356999533035	-0.027248741755943225	-0.014176921343567659
G001405615	0.0037260939441016907	-0.02356237812593445	0.0028571596342444497
G001406335	0.012770028053319149	-0.012945255386870247	0.008605800851076853
G001417815	0.04786220966168036	-0.027665497667671075	-0.11790017424124791
G001436895	0.0005967065952731263	0.04789524735438667	0.015440277754405502
G001444445	0.017019796989789608	-0.03110287861626769	0.020962338754237444
G001454945	-0.036253045104850806	0.00019542054303398106	0.014240790696048621
G001457795	-0.006882334108328017	-0.03241186942039814	0.040124878533376665
G001481375	0.029419425315003817	0.02588973543161317	-0.05434884881528014
G001486665	-0.007593426963808051	-0.01178453870580498	0.0283516759079316
G001487125	0.008558736730977203	0.018240801618496935	0.0037368850001242735
G001494635	0.005800318105237351	-0.003837450840481421	0.028006597159244976
G001512635	0.015283811748555013	-0.03308058543384985	0.049588134218200144
G001543405	0.0361585457831672	-0.06809201879264243	0.03244546453057197
G001552785	-0.0023893174548224334	-0.020753805884821584	0.03875453871066041
G001553935	-0.003298810167860313	0.011882758487969854	0.015151204026247415
G001558935	-0.05906578316093293	0.05802716135219875	0.05451696128532708
G001571285	-0.02595648677140204	0.06887981659559905	0.0260749930904291
G001584645	-0.03676447522041993	0.025894078450159258	0.049034505568201964
G001586165	0.011970776594340704	0.10535391507129549	0.0534689740925679
G001683355	0.011940232261239437	-0.07891641759863707	0.03155918085626862
G001688625	-0.032842431387951745	0.03719269229546535	-0.09673681350089817
G001688965	0.013935809289772531	0.023959986620988385	0.036871333720664645
G001689425	0.0051317909260919945	-0.03850762842200054	0.02277243549385828
G001689655	0.04460876073932323	-0.001963109345934142	0.00016074761918599727
G001701255	4.7080332999925516e-05	0.013461803259129906	-0.011130632364133884
G001701295	-0.0025849630649407386	-0.041229631381849784	0.020487213137384202
G001719865	-0.012454993403486797	0.06975171470002851	0.04859895001477741
G001854465	0.003630556139931076	0.07768852833550827	0.030112446164097542
G001855385	-0.011457470866569825	0.03460390528132324	0.03799551722697282
G001884305	0.00364206656263013	0.04842761928858932	0.017116427045167044
G001899425	0.021988329845949107	0.025461398394866247	0.035555243237543166
G001908775	-0.004479539089226847	0.053387220022588396	0.02208269928426712
G001915415	0.021287589922461526	0.017951302868085748	-0.024293498013882187
G001915435	0.015689856835870628	0.023936501481687588	-0.03131822893772101
G001915455	0.018286569827632947	0.016301683083914657	-0.07218889671077719
G001915495	0.005796638530914082	0.006675185134329913	-0.06277635168467313
G001915575	0.0006801739215685163	0.022996720708463165	-0.024356022586194622
G001915615	0.04633888155411038	-0.0041758814327973485	-0.056106656345143995
G001915655	0.00893781250954635	0.039123525986036856	-0.02458489916376851
G001916495	0.018668593024251712	-0.018407833470078724	0.009798023122894378
G001916615	0.040741324986764874	0.010942880961711973	0.02200088019797995
G001916865	0.0016878593610465877	-0.027171162774647276	0.0035819738005027344
G001917125	0.11410713720655193	0.10028930548486177	0.01893417829875651
G001917135	0.09013282706704684	0.027688350718638333	0.03614709882813112
G001940855	-0.007324843876821495	-0.013346443981876467	0.0033559424169942423
G001940945	0.054207108044043224	0.016501416752353188	0.0017167360506365956
G001941055	-0.03111308902382315	0.032824623361852136	0.006582061804649328
G001941065	0.031162380225941953	-0.002097136055731723	0.01112311146291027
G001941125	-0.005508469878025346	0.03275555769207617	0.035310259963218564
G001941225	0.004473418288135301	-0.022406473589913743	0.025931614808423684
G002032965	-0.02394938638304328	0.06842364216028081	0.0448373462683984
G002159555	-0.012273898531042033	0.01585867138816344	0.004263758496311058
G002159625	0.015421199551200856	0.0025244676741681743	-0.023934100407231776
G002159645	0.008100127612350344	-0.002269453595732664	-0.01160346863076471
G002159835	0.002427875962662284	-0.005134633725099004	0.022395471443421598
G002160015	-0.014104528422279237	-0.014540196274554692	0.03864543984535869
G002160025	0.0008078327099782744	-0.022884637059893125	0.012384461065356275
G002160065	0.0004972612576229995	-0.022379619376583594	0.01392162070732097
G002160525	0.016574108019834534	0.005333719364795852	0.027782395175700605
G002160755	-0.030680943480817062	-0.023721541006612272	0.011423330509530242
G002160895	0.00911927652346666	-0.05115032738131581	-0.01896086378649448
G002160955	-0.006771821762069692	-0.01956538688548583	0.017098094608955554
G002161065	0.0020898198879983764	-0.033837486065826664	0.013867689922129528
G002161285	0.010891485341383287	-0.005700128035801504	0.032572720239544835
G002251205	-0.005308062047504347	-0.08545670431824469	-0.03366749345487344
G002251365	-0.008961809660729117	-0.05195731011099778	-0.020837818507152016
G002251435	-0.011031991572598697	-0.03954075467627806	-0.022849431126198548
G002259605	0.016526177994901275	-0.018075330800542144	0.02263665193249092
G002259685	0.017917590016346397	-0.018521677632436635	-0.02583250989462022
G003014445	-0.00013045608128311106	-0.009078741790646863	0.03112413123733502
G003072045	-0.05537380730083546	0.06727869435970811	0.03286084502186388
G003148945	-0.0003993559672415763	-0.02383088857467405	0.00354966786493562
G003150645	0.05194743374121303	-0.025061019702318863	0.025842353593625154
G003265305	0.00776956059048867	0.011683363830026312	0.021459233136408837
G003315635	0.008712636518035546	-0.031178122748973074	0.0326752487582632
G003324125	-0.030742588086076734	-0.05038561032851055	-0.012769011714030316
G003340315	-0.0042064766068025256	-0.024445035883397467	0.02371815384717182
G003343915	0.006149945553267952	-0.032754900168036574	0.041472367629640856
G003432035	0.007927527649784754	0.024546345629246936	0.020290325114496906
G003434045	0.0001962758824364998	0.001668528936485689	0.03447895193969803
G003435055	0.008147647555120758	-0.0059619911885096955	0.027453938417038463
G003435925	0.003582199720104474	-0.00539154644875353	0.03579281185546546
G003438995	0.017059426145588637	0.014815055970280875	-0.013462721788955936
G003457795	-0.029959647994567695	0.01336297421439096	0.04793722063985625
G003458885	0.01593972022509989	-0.002148075812834146	0.02700515671875226
G003461285	0.008501509695014706	-0.004391433194998463	0.018704875478264067
G003467125	0.026947958322374718	-0.016991910393186815	0.05231647779708825
G003467845	-0.0015846592871532953	-0.025217373560071216	-0.015415314702188994
G003477885	-0.004411262395090352	-0.02729270886716442	0.02925122360570587
G003478165	0.020132464205984527	0.014942098234603915	0.012812931252690094
G003478285	-0.005254753480330886	-0.018420176633034302	-0.00521908615401323
G003478355	-0.002914213561274763	-0.008440648647983525	-0.03082493502103301
G003479825	0.019395118858416955	0.031300356309538764	-0.08146594486611848
G003479885	0.02002053562523617	-0.02909975221159954	0.017859679254741165
G003481355	0.025328383506696736	0.024422295647305664	0.04316323377899698
G003481825	-0.0066003864995636385	-0.0066101761433249905	0.018322871403590162
G003481995	0.01012767203522759	0.00836893503119689	0.032040023902147864
G003490145	-0.0030884905793132885	-0.01437648904469837	0.007659470861496013
G003611805	0.005943552578854524	-0.04566658920582724	0.044610844935160814
G003762615	-0.0015901680411159976	0.008831176240887107	-0.0047603687770399975
G003762715	-0.0025685064423292374	0.010248780666342912	-0.00030636642161421774
G003762745	0.015104384083799495	0.01410832956463954	-0.020702823267594515
G003762875	-0.014886199676116076	0.008272351334820663	0.0043477615671349305
G004102775	0.02850655839285494	0.014736539465486653	-0.021333447307837417
G004102785	0.0071273119031582365	0.030581979104146475	-0.04287528009902665
G004102805	0.017006082957951255	0.016131317981027005	-0.018855381110131693
G004115465	0.010624938605272156	0.020349637103488614	-0.02309800521878655
G004127505	-0.007589308802474994	0.09047560835885948	0.03940067324336376
G004341685	0.043039375683160845	0.005083605577651714	0.03320867479938769
G004552135	-0.015504838831547648	-0.04684846583395459	0.0004992523523759979
G004552795	0.005635977215388634	0.031484203320207065	0.006779629076671238
G004553245	0.003390154912314545	-0.0034427711201047476	-0.01575681874978006
G004553345	-0.01986244361720215	-0.10411513303941287	0.00015498652459707587
G004553635	0.030366346184848365	0.012297649445796309	-0.052233808606520854
G004555055	0.014600019803323398	0.008682376351865386	-0.007434712747084834
G004555765	-0.002390524162930819	-0.026097808847110764	0.002940311926011906
G004556045	-0.05031904629091411	-0.008937430809826688	0.03326628196303073
G004556245	-0.007460168536666682	-0.032968946672104496	0.021721045881317968
G004556445	-0.01719037482678791	-0.004137958616725704	0.024618614072890087
G004556705	0.007560423373441119	0.01602080741440523	0.01034793091999527
G004557065	-0.051618407009577184	-0.024743424163448102	0.029077096815068926
G004557245	0.0070400752888430335	0.030291475943952095	0.024765294093248114
G004557415	0.0029951606368911633	-0.024169351028208563	-0.04000962088100186
G004557545	-0.0012882582321825278	-0.008919293230562602	0.0381867462047043
G004557565	-0.018598609587797937	-0.05068057897569917	0.02630330661122305
G004557655	-0.04836503835496471	0.011701494911507841	0.032815673124281075
G004558425	0.007831164646586732	0.012773219437609984	-0.01705645936407783
G004558535	0.0009277120844106757	0.002210058902128043	0.016495341463332223
G004561075	0.0070839629031810335	0.029859825780203183	0.019262614279056855
G004561445	0.007255887511020547	-0.039022247162438316	-0.018888118266438346
G004561455	-0.02695889230597333	-0.10021900702599862	-0.01719813394970447
G004562255	-0.0048888347898964745	-0.07207606438146139	0.017145858487074436
G004562975	0.011377634464808828	0.008102817328326604	-0.0067697654272483405
G004563195	-0.04320797849669903	-0.07914050184245147	-0.028941389433299214
G004563615	-0.005037062008784326	0.031795347589288855	-0.01757326100634186
G004792655	0.008206047770730687	0.011507049676653556	-0.04356451454976081
G004792675	-0.0006397794949646649	-0.00013662156913987105	0.01877632526716354
G004793665	-0.013397448160743014	-0.035312014693098664	0.020169525831667083
G004803695	0.03567635035794666	0.03380904467607849	-0.020864409525244855
G004803915	0.016914864501348666	-0.00489107988014914	-0.004518590167913416
G005048345	0.01793326040724091	-0.015351379139748787	0.018254994426084536
G007293315	-0.02276590754531	0.09201288686817986	0.05420958746875457
G007559425	0.045440632831504194	0.024466702168565224	-0.032410594123634104
G007581405	0.00642451310150055	0.07471449742984039	0.06123326555207284
G007896885	0.012772083987630606	0.02345152783709158	0.009639555041457065
G007998125	-0.1858650962722077	0.026976894844165513	-0.025134171155135776
G008040105	0.024346187730486565	-0.012546526186105238	0.021968383957109844
G008273775	-0.18246476329533673	0.024819593194576137	-0.029931079472983034
G008667375	-0.0013837625903274423	-0.021044553202011824	-0.016138614485513847
G008679325	0.018634834406614783	0.012542747577574181	-0.016014329236395924
G008698165	0.009665111344897009	-0.06500973846690711	-0.0415423980977552
G009695875	0.006416301330992003	-0.028846558890501504	0.039728360774535766
G009696045	-0.011525039195987845	-0.007539260072181769	-0.010531013406152196
G009696485	8.315489035116212e-05	-0.024237795518493418	0.02865445416485744
G009696565	0.019541575075927967	0.012930238760189712	-0.015433495357568744
G009774765	0.0012495954015255904	0.014079384660311613	0.02970282797568986
G009774865	0.030737658304451004	0.0034884932427940458	-0.04520192852934505
G009831105	-0.012811394171410152	-0.03198616164808807	0.007300071671512504
G009929575	0.006917672719854298	0.03148864543611379	-0.02668703923437114
G009930375	-0.005363598031295544	-0.03756026303241529	0.025991952179234785
G009937725	0.03528317079851768	-0.007490851608948622	0.02758336599732016
G010367435	0.013157891857937441	0.05241203045119766	0.041671806239413724
G010500965	0.021240674538050838	0.023029814397860518	0.024421440089374514
G010537155	-0.0060445464736265065	-0.016829487354328793	-0.0038916688243003225
G010592515	-0.07681340823303243	0.06354668751594836	0.017808403227269953
G010667615	0.017597143056860828	-0.04395483315867434	0.005118272367624965
G011959405	0.012795432461517181	0.007700971303168946	-0.01731718739378927
G011959465	0.0025179024648660773	0.004444269445477789	0.03472545950751393
G011959565	0.04397390325489252	-0.01207001243879608	0.02258649426238811
G011960185	0.01687538839018374	0.02732890344449411	-0.033489032523148984
G012102505	-0.08516355782720843	0.07858984800944285	0.03749627051615561
G012161415	-0.16319142001067516	0.029003387260640577	-0.0006866060129277997
G012357415	-0.1817828835528228	0.0279670742182248	-0.022819414489318082
G012932365	0.013722526483461171	-0.04047970168687002	-0.03954089974527747
G900021155	0.010638077225587437	0.027886618287920134	-0.028174322295223295
G900046475	-0.002649192486376645	-0.006438982038816614	-0.006463924728032685
G900066095	0.022425721974095737	-0.018108687408344624	0.02489145122640258
G900066135	-0.002828725137235891	-0.02393563071306367	0.002316836979228344
G900066255	0.0107235315741804	0.026542482871921524	0.06268669777336615
G900066445	0.007409775759596675	0.01701249569908658	-0.05414258163511204
G900066505	0.025756841421872907	-0.0058080726100017315	0.010057670963312667
G900066525	0.002389318303800824	-0.00918298926750314	-0.018501208577233266
G900066545	-0.015014705229724893	0.019449823981955078	0.034919477189014704
G900066655	0.00921382841768511	0.025964214175227082	-0.07646940079211458
G900066885	0.005537390492755611	-0.029916766138677452	0.02707105887308099
G900079775	0.005279105752235882	-0.013355684168277936	-0.0775777259604363
G900086585	0.005931895702147758	-0.036242592849707156	-0.04997664400478442
G900091655	0.019442229842366314	0.05709402765608332	-0.04957912237080895
G900091675	0.01897253885915325	-0.018422326591898783	0.018799098183825833
G900094885	0.01972250360290146	-0.026355349509602877	0.04772782265967433
G900095865	-0.0045807245579891145	-0.016126623667523547	0.023389518942779443
G900101655	-0.00015504796182045537	-0.005429147732197881	0.029090453636095547
G900103315	-0.016812754584211127	-0.04509783716109674	0.027516905816629324
G900103425	0.017573414466471978	-0.03496242564274787	-0.013677727147305621
G900103535	-0.0115344452458161	0.021287579314989674	0.05788839969128239
G900104585	0.016297441683171175	0.017506731013734456	0.026637516060675936
G900104605	-0.043693312726526524	-0.028946923544430958	-0.003003186650500674
G900104615	-0.011100086648665557	0.037338720871390084	-0.03684612943285319
G900104675	-0.006004223786283709	-0.022157370880110577	0.0048264778331214946
G900106785	0.0069159650206759085	-0.016661742987658247	-0.08208241148652025
G900106855	0.024121198463241483	-0.010988518439031297	0.04206946584081955
G900108345	0.01438787496148029	0.018410421743181738	-0.08752512053098647
G900113155	-0.009725299156845262	-0.0018256084037365978	0.029107374427707704
G900116045	0.06284336844190133	0.027492688227464646	-0.0794177672174059
G900119895	-0.010185836919278905	-0.011715349004214852	-0.012289703400202596
G900120005	0.008459593316310892	-0.03326650515286706	0.04396859767257078
G900128475	-0.008523654074048705	0.0010670928173247929	-0.09193236242925658
G900128485	0.0289930306375854	0.0635386033868112	-0.060968499370084944
G900128905	0.022461955921442886	0.0272087297321018	0.027853640458165133
G900142165	0.00032056462452172813	0.022486484494620946	0.03518921515267015
G900142265	-0.004617784194422281	-0.030382969877862123	-0.0038583089554610575
G900142485	0.012082362682292704	-0.004296554176751227	0.01450589876717024
G900143685	0.0063885670174280195	-0.03647517470439088	-0.012728445090663357
G900148495	-0.001599314805404792	-0.002091918554221218	0.004448023661627583
G900155635	-0.009687228451826336	-0.005883413361188096	0.03097418383810359
G900167275	0.00849279870959233	0.07140470385776845	0.0364969943160482
G900169495	-0.01403676959955292	-0.03159741476711906	0.029899195181312784
G900169975	-0.010765289343794018	0.0012229401018831164	-0.016089396939636274
G900176655	-0.007660910463961479	-0.008926348288085938	-0.003782384112061888
G900199495	-0.005758292461568797	0.010374352485214082	0.003204909427594074
G900227605	-0.07991245865312008	0.07075120884176196	0.0069208886469931735
G900240225	0.01601699594916077	0.03646433136669795	-0.029697427296323364
G900291465	0.011778637735914962	0.030123453250905704	-0.044366383653079336
G900292045	0.011826515361086897	-0.004629802766744308	0.02516718547379723
G900312975	-0.005651929628404349	-0.01741089854710279	0.025747375859929953
G900316315	0.004975658125875497	-0.035823274871961415	0.02804629017647832
G900445225	-0.01209132716936872	-0.014168959494041533	0.009537343592553418
G900538745	0.01162080169127507	0.012933056181231266	0.006951179838292717
G900538765	0.07811843981594244	0.04052197600552394	0.0008808953220867479
G900539795	-0.013030283817880267	-0.06701347900264872	-0.037800756439589696
G900539925	-0.05670227447611397	-0.0029374447172728696	0.023380019722422873
G900540205	0.02837825728714032	-0.0031189097754831456	0.013470740067888407
G900540535	-0.009325869166611324	-0.0030694828558619556	0.015215896809434014
G900541935	0.008607097599254866	-0.03150816318160924	-0.03432991184339834
G900542815	0.017155459714710535	0.011603415952741607	0.02388636367327128
G900543375	0.007482799935582322	0.021590838310553157	-0.014306350577818162
G900544565	0.10674152758866626	0.0026830213109988047	0.027466810227218714
G900544945	-0.0012749099526308963	-4.176710134995698e-05	0.029354399236477147
G900545025	-0.004554242502620596	-0.027052672262507637	-0.0182651786404782
G900545585	0.002916615729964362	-0.0009712119045368577	0.025147117310070154
G900548875	0.007881777201597075	0.028083161765776472	-0.04607152916183653
G900551515	0.02211373674872496	0.013629706622038504	-0.004585059556397052
G900552255	-0.01806674666179605	0.024102028050239664	0.024796131666773052
G900552655	0.07317805881757566	0.02548827553469677	0.02786965806661519
G900552765	-0.01828916651310268	-0.008545163255226128	0.02576329576948786
G900553625	-0.009611500731548662	0.02356101268213672	0.034542306247464155
G900604335	0.011193747991777091	-0.017460347917776987	0.015344022873156652
G900604355	-0.0380911067384706	-0.02440995157420232	-0.028970437091624775
G900606105	0.009556416769050379	-0.012184397728650315	-0.021133760244813057
G900683765	-0.007234618394611438	-0.026451466389421353	-0.004673970137548509
G901212675	0.006913084353127479	-0.07951128806606685	-0.014926946118147289
G902160675	-0.06094861362287513	0.06741144864794935	0.012539225215050128
G902167945	0.013421818878593042	-0.009081018577512609	0.016060587344269697
G902167965	-0.0015402576428323275	-0.005903967096769825	0.0012007936799025155
G902363025	-0.006055231018617807	-0.015798216742022083	-0.03641435221967262
G902363055	-0.027113357973812615	-0.043316959717311365	0.022191599042401373
G902363075	-0.0010179560541192356	-0.027499330911455663	-0.018581961346023305
G902363425	0.001413667540690938	0.015894849987865375	-0.019827322131052573
G902363555	0.00046134792913647015	-0.021746682157105703	0.0037992832180758604
G902363565	0.0034035381241336593	-0.025653318294149845	-0.015802205108077696
G902363595	0.007825900904352874	-0.0021048645953056526	0.02613861325433414
G902363685	0.01898240572841624	-0.0109802768528588	0.009770557329985866
G902363725	0.002354272463678217	0.03214424593660545	0.022165340325340153
G902364485	-0.00647467568071899	-0.012960367642706139	0.0019089079950437742
G902385285	0.0037253275178282	0.008950470800541243	-0.07870350413983132
G902387315	0.019202854041968233	-0.0343272626106198	-0.06992787993098917
G902501965	-0.011141970539155678	-0.027372558544176098	-0.019847111261781063
G902762555	0.01242624544218665	0.017559090176289843	0.03222907771704631
G902777695	0.030287098011992745	0.01075622769652505	0.022891260038796043

Site	11	3
14577.RC.TP1	0.06406790634453102	0.2298018635378648	-0.13518222678448416
14577.RC.TP2	0.25392432154326605	0.18228589209034687	-0.45628602553093933
14577.RC.TP5	-0.04298747150704735	-0.4179618980639742	0.09903992841301143
14577.RC.TP3	0.48680607779107227	0.1342295698498039	-0.02475086120602249
14577.RC.TP8	-0.03928039935895253	-0.34350555149588324	-0.5933751039627951
14577.RC.TP10	-0.3962133453346328	0.39205379623815434	-0.046783781898303366
14577.RC.TP11	-0.355475132934042	0.29942039653258756	0.08072392299973423
14577.RC.TP9	-0.3588178224305666	0.06722526751845456	0.3038842131790942
14577.RC.TP4	0.5176196881264523	0.1809501633176634	0.47483966895430507
14577.RC.TP6	-0.028662571091902123	-0.5357237447696266	0.29057951512832547
14577.RC.TP7	-0.10098125114817874	-0.18877575475539057	0.0073107507080754745

Biplot	0	0

Site constraints	0	0
