Species	Axis1_53.1	Axis2_46.4	Axis3_0.47
G000006925	0.080751533	-0.017505007	-0.03042369
G000007325	-0.044527791	0.042232599	0.060134955
G000007525	-0.003571973	0.068599742	-0.114178026
G000008865	0.088077993	-0.026149371	-0.031668136
G000009925	-0.021021679	0.005118748	-0.089054191
G000010425	0.020861866	0.059642283	-0.091192159
G000011065	-0.000752214	-0.045835207	-0.058517254
G000012005	0.086156333	-0.028991108	-0.023300849
G000012825	0.005172265	-0.055009634	-0.144044019
G000012845	0.047788819	-0.029214686	-0.067686036
G000020605	0.051551965	0.060398891	0.029465478
G000022965	-0.044709646	0.053217129	-0.008592087
G000025205	-0.057989189	0.048328518	0.017572458
G000025305	-0.083228624	-0.016312356	0.01376524
G000025925	-0.0533433	0.005749691	0.04310367
G000026325	0.083320443	-0.019856427	-0.03298284
G000026345	0.085780181	-0.026044407	-0.028315606
G000144405	-0.055021423	-0.028570585	0.019668535
G000144625	0.020539835	-0.017574056	0.028951765
G000146675	-0.019880778	-0.012026226	0.045028915
G000153905	0.036331368	0.017441147	0.034904654
G000154065	0.055568548	0.007789624	0.060590486
G000154205	0.070585185	-0.089653249	-0.15458995
G000154245	0.006718415	-0.004894325	0.048554709
G000154465	0.003591426	-0.042502244	-0.054292655
G000154525	0.041180366	-0.068917161	-0.110765294
G000154565	0.077016622	-0.016750918	-0.003164101
G000154845	0.049420958	-0.000220163	-0.082567966
G000155435	0.005184774	0.013463421	0.032947374
G000155875	0.026483925	0.026951135	0.039635686
G000156035	0.004873093	0.004577278	-0.028271722
G000156175	0.015327285	0.084203089	-0.044889219
G000156215	0.012522873	0.077642898	-0.061732164
G000156535	-0.026308863	-0.01927012	0.01710962
G000156675	-0.005482058	-0.072428477	0.018033442
G000157915	-0.026087791	-0.014360331	-0.081217947
G000157935	-0.091112308	-0.099907	-0.179775094
G000157955	0.012748561	0.007700582	0.032774398
G000157995	0.015423095	0.012726199	0.029481727
G000158195	-0.051041155	0.013796611	0.024091738
G000158215	-0.054007546	0.037738385	0.053485007
G000158275	0.056108356	0.051537729	0.023980374
G000158315	-0.081799013	0.007983053	0.021167217
G000158655	0.013954314	-0.00179357	0.040607889
G000159055	0.008924757	-0.010448932	-0.002795513
G000159075	0.063439217	-0.084209192	-0.039575508
G000159155	-0.056493975	0.049157109	0.034827028
G000159995	-0.009379883	-0.010726753	0.015270614
G000160095	0.007061533	0.017471965	0.029749789
G000162015	0.035615092	0.013170557	-0.0225594
G000165735	-0.079529358	-0.00913827	0.037713396
G000165905	-0.039982553	0.054516637	-0.093980024
G000169035	0.016904504	0.088731106	-0.073212263
G000169235	0.046022342	0.022894513	0.033476372
G000169255	0.023075565	0.008856959	0.05005713
G000174195	0.023883391	-0.014972276	0.01881083
G000174395	0.048962438	0.012614435	0.023981586
G000177015	0.017690091	-0.015835754	-0.02588507
G000177075	0.005128714	-0.035577544	0.007514543
G000177555	-0.062227054	-0.00714749	0.02505794
G000179055	-0.06176817	-0.002113281	0.04567548
G000183345	0.079557463	-0.021536832	-0.029032296
G000185845	-0.043792392	-0.051870049	0.03718563
G000187895	0.050397907	0.022913978	-0.119041795
G000188175	-0.015163541	0.002770494	0.000807526
G000189595	0.019171099	0.028363908	0.028361968
G000190535	0.040821462	-0.053851731	0.016041987
G000190575	0.045709527	0.002642607	-0.015991271
G000191065	-0.054835251	-0.042651901	0.035973999
G000193395	-0.067883159	0.029827924	0.051197461
G000195315	0.014995019	0.073746403	0.02999754
G000195635	-0.003404855	-0.03680987	-0.05302302
G000205165	0.048325095	-0.012075245	-0.07247297
G000210055	0.007018552	0.074532019	-0.040248679
G000210575	0.059583826	-0.084995166	-0.047206621
G000215745	0.036948272	-0.032110749	0.046742887
G000218235	-0.04799036	-0.007400566	0.045527386
G000221545	-0.074082563	-0.011959194	0.031714476
G000225345	0.006354289	0.012302153	0.031108102
G000225705	0.009145269	0.073039466	-0.024898794
G000233455	0.012846573	0.016950191	0.013257004
G000233535	0.008925381	0.063333055	0.023511337
G000235885	-0.03548417	-0.022610379	-0.076971588
G000236865	0.008395034	0.070919452	-0.060507303
G000239275	-0.08071857	-0.008157601	0.056777783
G000239695	-0.002423576	0.075835107	0.021539694
G000240185	0.096089783	0.04090877	-0.018805828
G000242335	-0.05320994	-0.048303734	0.013010117
G000243215	0.063066715	-0.015039857	0.005018053
G000245775	-0.081185538	-0.026919624	-0.032234752
G000250875	-0.114308892	0.030293998	0.035998478
G000262545	-0.040427261	-0.055984194	-0.002564713
G000265365	0.033848099	-0.034902369	-0.015312713
G000270285	0.029402916	0.116605835	0.035388411
G000283495	-0.009333469	-0.007612872	-0.010989052
G000285455	-0.014199424	-0.060744936	0.038949891
G000296465	0.146739257	-0.024088009	-0.064669642
G000296505	0.008064651	0.069959438	0.014669002
G000297775	-0.057487761	0.035891097	0.02947594
G000299455	0.082906142	-0.021175104	-0.03994156
G000304215	-0.051209388	0.054465203	0.010876233
G000307375	-0.009815515	0.000960532	-0.096303892
G000311845	0.002863152	0.063707919	0.008521243
G000311925	0.027891726	-0.02434518	0.007960061
G000312145	0.005657472	-0.027315349	-0.022505718
G000315485	0.023859011	-0.039630786	-0.046777101
G000321165	0.011994044	0.074766864	-0.022093899
G000347695	-0.051494477	0.049061046	-0.024007916
G000371705	0.00926556	-0.001017629	0.009538133
G000372405	0.015388361	-0.061359152	0.011670158
G000373885	0.007464522	-0.069227453	0.015037708
G000374405	0.023871204	-0.057742608	0.017740344
G000374585	0.040638172	-0.041757392	-0.001343278
G000376885	-0.028346432	0.063126087	0.011262131
G000378745	0.005136616	-0.047861481	0.032011639
G000379965	-0.045235907	-0.012149226	0.037514029
G000381365	0.08093067	-0.0152524	-0.043785824
G000398925	0.087127967	0.002724207	-0.075562049
G000403295	0.041178351	-0.038927445	0.03248655
G000411515	-0.106730836	0.035022519	0.018054708
G000420505	-0.050086497	0.047420714	0.04804387
G000423385	0.009921699	-0.046977555	0.038153739
G000425525	-0.002477372	0.009013158	0.044925413
G000426565	-0.065377924	-0.021493349	0.018473298
G000426585	-0.004639821	-0.014924331	0.022096026
G000427365	0.023955636	-0.058775384	0.014700517
G000428205	-0.041322308	0.13977265	0.039893466
G000428565	-0.016615104	0.003559661	-0.074255111
G000430525	0.02708972	-0.070635415	0.017168325
G000431015	-0.004405287	-0.010970871	0.033736388
G000431495	0.062828229	0.1067167	0.045920487
G000431915	-0.09044124	-0.101298863	-0.049753207
G000431995	0.025815167	-0.051750322	0.063307594
G000432055	0.074499912	-0.04725282	0.03953723
G000432615	-0.099829919	0.04163998	0.036986609
G000433375	0.038881126	-0.02678914	-0.026362214
G000433575	0.010081894	0.011682878	0.032678716
G000433955	0.079510908	-0.067730816	-0.090334103
G000434095	0.026283151	0.021080787	0.044868078
G000434475	0.101037708	0.069663193	0.043543591
G000434515	-0.091646284	-0.105247161	-0.047707429
G000434535	0.04787899	0.08303884	-0.007316579
G000434735	-0.001530312	-0.090909576	0.052337399
G000434855	-0.023818511	0.069108085	-0.041966408
G000434975	-0.094845187	-0.10793201	-0.011124157
G000435075	-0.041590591	-0.057146718	0.03865852
G000435635	-0.061600107	-0.022022574	0.031268411
G000435735	-0.004163165	-0.055324221	0.043996593
G000436035	-0.075425747	-0.103501712	-0.027932284
G000436055	0.048759265	0.037654521	0.04811522
G000436135	0.027735831	-0.04323025	-0.12106819
G000436295	0.004375516	0.003839665	0.031713175
G000436435	0.058454893	-0.060365028	-0.056750525
G000436795	0.088610891	0.01882931	0.03071106
G000436855	0.095301713	0.02981902	-0.025982916
G000436895	0.107229031	0.026323984	-0.080259393
G000436915	-0.059792316	-0.039151125	0.016769292
G000437535	-0.05567953	-0.047426602	-0.000554269
G000437675	-0.074839949	-0.084038673	-0.013311049
G000437715	0.08362671	0.054017559	0.022167355
G000437995	0.011887137	-0.03790991	0.024907603
G000438035	0.005647738	-0.054125645	-0.136881835
G000438395	0.06986126	-0.032425135	-0.042835586
G000450985	0.075376277	0.027789304	-0.061681705
G000455225	-0.063092133	-0.01617499	0.018880335
G000455445	-0.025537061	-0.036946738	-0.004219744
G000466465	0.014400089	0.019941626	0.051216162
G000466565	0.069621859	0.008514525	0.05443659
G000468755	-0.007420222	0.068185356	0.042803675
G000468855	0.005126854	0.070564195	0.027735347
G000469445	0.02395664	0.004196354	0.03441355
G000478965	-0.091232585	-0.019166389	0.040855687
G000479045	0.066702691	0.042215139	0.026039679
G000499785	0.025471005	-0.060178929	0.015612443
G000511775	-0.020538542	-0.005214502	0.01444009
G000512915	0.020323366	-0.039068307	0.002037792
G000519105	0.032207547	-0.010283076	-0.006797903
G000524335	0.001767392	0.053651851	0.038480105
G000526735	0.039226823	-0.087691111	-0.062009388
G000565075	0.010728089	0.093373923	0.010856632
G000585355	-0.082486095	-0.034807617	0.048632406
G000598465	-0.004658416	-0.046262452	-0.002871151
G000598965	0.001238178	-0.044504207	-0.005878806
G000599385	-0.019269205	-0.010341113	-0.069887339
G000613345	-0.009122545	-0.033859261	0.018160365
G000613525	-0.087149383	-0.073017486	0.032857193
G000613785	-0.067562817	-0.005599728	0.028522511
G000613925	-0.042945973	-0.010935752	0.036016516
G000613985	-0.047126681	-0.01387908	0.032061157
G000614145	0.050383023	-0.046399798	-0.021681328
G000686565	-0.020737929	0.039204402	-0.033902136
G000688375	-0.031657315	0.001926245	0.04799294
G000694955	0.066866002	-0.00937086	0.042922597
G000702025	0.000149762	-0.003791123	0.030169029
G000702545	-0.093778904	-0.023009509	0.071170271
G000737845	-0.045366247	0.061290885	0.037182429
G000737865	-0.052975374	0.05355293	0.012037146
G000738005	-0.043533629	0.052542478	0.021488422
G000741135	-0.054308597	0.04360619	-0.028908078
G000741165	-0.04901737	0.045625898	-0.112858851
G000741175	-0.089015152	0.029174084	-0.245114232
G000741205	-0.05234203	0.057047844	0.007923164
G000741215	-0.053433989	0.04545877	-0.067641239
G000741255	-0.05140936	0.049919285	0.008211766
G000741285	-0.055254231	0.047186488	-0.007129061
G000741525	-0.05017944	0.052162963	0.011881774
G000741575	-0.044851687	0.050429236	-0.032261975
G000741645	-0.055835359	0.047235305	-0.006544356
G000741695	-0.030366372	0.087733991	-0.20234616
G000741705	-0.044897957	0.045195425	0.012292027
G000741715	-0.038338429	0.073796772	-0.099149924
G000741765	-0.052034946	0.058087187	0.012079335
G000741775	-0.048828687	0.049916424	-0.007806794
G000741785	-0.06161139	0.031158825	-0.171118741
G000752675	0.034705033	0.058888878	-0.004527691
G000758925	0.007718269	-0.05255152	0.009284068
G000762865	-0.036290048	-0.048806522	0.006431588
G000763135	-0.066637159	0.102458492	-0.056356951
G000765235	0.069753933	0.029730899	0.0035341
G000767175	-0.064740733	-0.078910222	-0.02175806
G000768955	-0.014674367	-0.025572727	0.04616303
G000777575	0.083308359	-0.041396948	-0.00466916
G000777875	0.088688689	-0.047657319	0.00775727
G000778805	0.081222925	-0.045738274	0.017408019
G000779535	0.081216911	-0.03174493	-0.009673446
G000781475	0.076011688	-0.027414507	-0.006489545
G000800475	-0.049643787	0.047038393	-0.011879343
G000803105	-0.00136704	-0.030644313	0.01012387
G000814825	0.02328367	0.084591815	-0.004459955
G000821265	0.017805662	0.075338581	-0.016615507
G000834015	-0.073222228	-0.083429621	0.002064836
G000944855	0.086689638	-0.022562011	-0.03358205
G000969835	0.015778454	-0.011285229	0.032433367
G000980235	0.025450582	0.020346952	0.029448081
G001025155	-0.035171852	0.053393222	-0.065599444
G001025175	-0.024306283	0.065016365	-0.089250932
G001042595	-0.026273531	0.049732576	-0.038025945
G001042635	-0.050587264	0.04840872	-0.104435904
G001042675	-0.052977583	0.044811269	0.035710287
G001042695	-0.049041359	0.045891933	0.030601855
G001045675	-0.085940666	-0.015748622	0.023972754
G001066585	0.09720859	0.045308672	-0.014438217
G001244495	0.036647363	-0.00247812	0.029913409
G001262015	-0.081482455	-0.06534199	0.044954352
G001263395	-0.047551821	0.057000432	0.013763686
G001275135	0.016888823	0.002329958	-0.036481275
G001283625	0.087471838	-0.022232278	-0.033245451
G001304875	-0.017001141	-0.047713911	0.041777532
G001305135	0.082950421	0.062694649	-0.005065803
G001308145	-0.006118881	0.066527304	0.035779214
G001312505	0.056148261	-0.015708711	0.051946724
G001314975	0.025694	-0.098753957	-0.011430909
G001314995	0.023108962	-0.033448667	-0.062722109
G001318345	0.028165883	-0.039539416	-0.028190944
G001398415	-0.032480668	-0.08349612	0.019782275
G001403595	-0.002951059	0.011975419	0.036270679
G001404455	0.083448546	0.008651452	0.038076944
G001404695	0.016832931	0.100630174	-0.074334383
G001405375	0.038365636	0.071132313	-0.021673314
G001405615	0.027865517	0.001519709	0.042435703
G001406335	0.020711267	0.007639251	0.027951011
G001417815	-0.068384999	0.022853081	-0.223053688
G001444445	-0.043580581	0.018293719	0.038067941
G001454945	0.021207396	0.013232913	0.036714862
G001457795	-0.004378752	0.066357603	0.031769717
G001481375	0.031111989	-0.004472599	0.017918481
G001486445	0.00622638	0.076946288	0.033611917
G001486665	0.009567027	0.011015422	0.05074772
G001494635	0.021923543	0.060366075	0.012519452
G001512635	-0.048624007	0.062185667	0.022438595
G001543405	-0.066567625	-0.062281315	0.066646902
G001552785	0.008609605	0.090702826	0.007014118
G001643775	0.009124545	0.087696595	0.039079228
G001683355	-0.043531038	-0.015681273	0.033333784
G001688625	0.113943608	-0.091349662	-0.087277543
G001689655	0.003962183	-0.026043086	0.047448063
G001915415	0.060516029	-0.018345638	0.030223686
G001915435	0.030905484	-0.061989768	0.006536578
G001915455	0.042955783	-0.05884342	-0.050620934
G001915495	0.086643682	0.049163055	-0.006557511
G001915575	0.040246253	-0.053373129	0.025622856
G001915655	0.013504299	-0.038574595	0.014348426
G001916865	-0.002263831	-0.000664564	0.014834062
G001941065	0.019693773	0.064439979	0.035411401
G002159625	0.033435161	0.071526195	-0.027301951
G002159645	-0.027089494	-0.030234751	0.033428128
G002160025	0.001053068	0.000879016	0.040628556
G002160065	0.015048408	0.075173487	-0.001561518
G002160755	-0.013224163	0.011024163	0.028261573
G002160895	-0.003919198	0.010711172	-0.042897642
G002160955	-0.033842161	0.00195178	0.051932052
G002251205	-0.085092988	-0.056077429	-0.040926757
G002251365	-0.066320942	-0.046462822	-0.00429107
G002251435	-0.059681042	-0.059018915	0.002239502
G002259585	-0.051942797	0.055229748	0.034804713
G002259605	-0.05603983	0.045118825	-0.010127861
G002259685	-0.046854336	0.052704969	-0.074804934
G002259705	-0.061794443	0.048472955	0.056624714
G002259795	-0.057327605	0.053422197	0.040564794
G003014445	-0.012612676	0.001761992	0.045232804
G003315635	-0.050423285	0.055315922	0.003793365
G003324125	0.034608134	0.023025163	-0.04002336
G003340315	0.047254371	0.069800284	0.010463436
G003343725	0.038446474	0.001395897	0.049213078
G003432035	-0.026333017	-0.014180712	0.0446342
G003435925	0.080078294	0.092302273	0.044104819
G003438995	0.028897105	-0.000793025	0.052273619
G003467125	-0.068302076	-0.018196929	0.026132422
G003467845	0.008482943	0.013982206	0.030012495
G003478165	-0.007806665	-0.00553713	0.001275447
G003478285	0.005840977	-0.007527136	0.039075518
G003478355	0.023749618	-0.01741784	-0.022821376
G003479825	0.031120366	-0.027455616	-0.042243053
G003481825	0.010657681	-0.041394133	0.051998242
G003490145	0.023416125	-0.00250265	0.047460489
G003601895	-0.055618342	0.047230896	0.036587467
G003725995	0.008017226	0.058780538	0.039888687
G003762745	-0.010825808	-0.040987842	0.024890876
G004102775	0.007444682	0.002727732	0.02698908
G004102785	0.023084224	-0.048521774	0.003375935
G004102805	-0.023976922	0.003289661	0.014744778
G004115465	0.006599962	-0.02723241	0.009718073
G004341685	-0.011466951	-0.046300149	0.038502914
G004552135	-0.024124036	-0.032166079	0.028685413
G004553245	-0.036420254	-0.005652737	0.000771901
G004553345	-0.082012888	-0.07378876	0.004532465
G004553635	-0.026128777	0.000862552	-0.0330175
G004554925	0.081038813	0.028402414	0.047513797
G004555055	0.005943356	-0.039717495	0.049832827
G004557415	-0.049274276	-0.034588036	-0.015327842
G004557565	-0.013348571	-0.011777274	0.033796468
G004557655	-0.001606915	0.024838091	0.042657895
G004558425	-0.000424589	-0.022155525	0.031363028
G004561445	-0.079500528	-0.074195251	-0.005360645
G004561455	-0.094928808	-0.105964151	-0.015223741
G004562255	-0.06463282	-0.048325089	0.035314808
G004562975	-0.041614264	0.046893065	-0.014002448
G004563195	-0.062954833	-0.088286542	0.005698489
G004563615	0.027058785	-0.01460892	0.013147204
G004792655	-0.017440242	-0.038204885	-0.011948261
G004793665	-0.020623604	0.052553401	-0.004915568
G004803915	-0.008709885	-0.033413877	0.047416937
G005048345	0.023917956	-0.000215978	0.050245695
G007559425	0.061426585	-0.031804479	0.025179876
G007998125	0.087901738	-0.026839055	-0.031818909
G008273775	0.085129652	-0.019710619	-0.040595212
G008667375	0.057386654	-0.021609822	0.024503391
G008679325	0.005677407	-0.032263696	0.034336806
G008698165	-0.10125396	-0.020367585	-0.163476625
G009695875	-0.009918402	0.062270747	0.020578213
G009696045	0.010887341	-0.00923435	0.038106014
G009696565	-0.020845508	-0.025978204	0.01945495
G009697385	-0.03871691	0.009712581	0.050153551
G009774765	-0.004264561	0.017832888	0.038694496
G009774865	0.013606464	-0.048865423	-0.003679599
G009929575	0.030291764	-0.063693163	0.02162517
G010537155	0.003840818	-0.012105597	0.047434836
G010592515	0.066884715	-0.036526629	0.04752438
G010667615	-0.049945439	0.047383746	-0.043358295
G011959405	0.017341047	-0.05945758	0.033951113
G011960185	0.003748424	-0.019608103	0.004008637
G012102505	0.053619662	-0.04503957	0.046080192
G012161415	0.078859353	-0.054989289	0.006582361
G012357415	0.089285724	-0.030117245	-0.027078256
G012932365	-0.044025335	0.066640803	-0.119601811
G900018345	-0.022013058	-0.013814799	0.049842038
G900021155	0.026003993	-0.056520364	0.017718479
G900046475	0.00962853	0.072167117	-0.029484375
G900066095	0.022047248	-0.040622211	0.055754565
G900066135	-0.004919244	-0.027335428	0.018685691
G900066445	0.035993981	-0.014158162	0.0090667
G900066505	0.03003619	0.000634122	0.046059093
G900066525	0.049220557	-0.011368675	-0.008376582
G900066655	-0.010029301	-0.017800623	-0.052790307
G900079775	-0.044041245	-0.061431611	-0.071160413
G900086585	0.012133718	0.07150835	-0.0146126
G900091655	0.016108714	-0.049087636	7.59E-05
G900094885	-0.055854172	0.049626688	0.02188062
G900101655	0.059703479	0.059473056	0.004820446
G900103425	-0.010407016	-0.192904595	-0.03229497
G900103535	-0.087256105	-0.014828202	0.034530667
G900104615	0.077811666	0.016584817	0.041714136
G900104675	0.006583811	0.005983424	0.034258665
G900106785	-0.054683937	-0.061819111	-0.075523894
G900106855	0.010442193	0.078446413	0.010493581
G900108345	0.017736124	-0.030715862	-0.035092026
G900113155	-0.004684201	0.020740776	0.040114824
G900119895	0.011224279	0.078517284	-0.041262973
G900128475	-0.01273263	-0.046132634	-0.092407373
G900128485	-0.022946103	0.066367081	-0.04673614
G900142265	-0.008532499	0.013359898	-0.030830622
G900142485	-0.02434789	-0.042714736	0.060350296
G900143685	-0.016282491	0.059104203	-0.072522074
G900148495	0.02268078	-0.037122191	0.051331767
G900155635	0.003387609	0.076700815	0.023902687
G900169485	0.016373643	0.058732279	0.036266573
G900169495	-0.013082483	0.003086024	0.041040938
G900169975	0.033352848	-0.010206197	0.022319827
G900176655	0.004439703	0.069982205	-0.046355247
G900199495	0.002285628	-0.00652066	0.016053658
G900227605	0.080123344	-0.045153341	0.025627751
G900240225	0.01731726	-0.045902443	0.023816962
G900291465	-0.010436277	0.007537249	-0.000410613
G900312975	-0.012321788	0.005399213	0.030772234
G900538745	0.020550116	-0.068503922	0.055154743
G900539795	-0.071608777	-0.074143408	-0.040221492
G900541935	-0.060842388	-0.085323797	-0.001577975
G900543165	0.039808181	0.033864716	0.032451618
G900545025	-0.051874442	0.006757584	-0.001259089
G900548875	0.039273236	-0.006384255	0.03130134
G900551515	0.056374198	-0.050122043	0.028547934
G900604335	-0.000953817	0.026513266	0.036201413
G900604355	-0.007014362	-0.027330214	0.016621702
G900606105	0.01842892	0.072873254	-0.064533274
G900683765	-0.006419872	0.004366764	0.009460541
G901212675	-0.089836253	0.011161332	-0.084016657
G902167945	0.02571405	0.042333878	0.035480955
G902167965	0.016393111	0.014829407	0.019073536
G902363025	0.009659214	-0.026998008	-0.018470824
G902363055	0.040851313	0.018419699	-0.025622311
G902363075	0.004071235	0.015344981	0.018998367
G902363425	0.045413127	-0.020337152	0.046761304
G902363555	0.016466182	0.002889654	0.044253997
G902363565	0.001976395	0.01509036	0.017591801
G902363685	0.028547589	-0.017961892	0.051957904
G902364485	0.008623947	0.01638937	0.037023803
G902385285	-0.036159379	-0.021979148	-0.067132593
G902501965	0.009055946	0.076249808	-0.052259099
			
Site	8	3	
14577.EM.TP1	0.258329275	0.482956397	-0.11786493
14577.EM.TP3	0.041187253	0.157956647	0.264862243
14577.EM.TP2	-0.497744583	0.55658258	-0.201604636
14577.EM.TP8	-0.206071717	-0.239499704	-0.120788442
14577.EM.TP9	0.025668165	-0.378875134	-0.694204383
14577.EM.TP7	-0.285931664	-0.16025976	0.579352281
14577.EM.TP6	-0.07888526	-0.452027608	0.16782713
14577.EM.TP4	0.743448531	0.033166582	0.122420738
			
Biplot	0	0	
			
Site constraints	0	0	