Eigvals	3
66.63361379393204	18.932585855427593	6.7020441055316065

Proportion explained	3
0.72217277670249	0.20519070359376967	0.07263651970373955

Species	624	3
G000006865	-0.00014015902787562517	0.014421955366084923	0.06205009852827877
G000006925	-0.04704456874368913	0.0687663804414583	-0.012596078081392952
G000007145	-0.021439663724102647	0.09359627464122827	-0.02542276608527869
G000007325	0.003767470555185909	-0.02184135255182321	0.007397453431318851
G000007525	-0.06673106815166174	-0.03225746807674437	0.012765906832152734
G000007785	0.011196922042928253	-0.009112455941740094	0.005172746951820771
G000008865	-0.04684427621428427	0.08778381224345098	-0.020372993964107005
G000009925	-0.09860027845180937	-0.05640299047902235	0.015287218820560762
G000010425	-0.02086786067216954	0.0987337494851951	-0.025059860169683673
G000011065	-0.06737918678463004	0.013577170039083823	-0.0068114971424728145
G000012005	0.01444547441331444	0.11633317207845799	0.07353054043985237
G000012825	0.016060434417088994	0.23856966547793057	0.088915292106311
G000012845	-0.09563471422599676	-0.021844592652847196	0.025952843655428135
G000013285	0.0018148603140229545	0.01353355054290644	0.038600342464160206
G000014205	0.012177822738619573	-0.016639841455917143	0.029454385441793643
G000020225	-0.045216983781457026	-0.03215136278468182	0.026063335611493443
G000020605	0.005440217841756242	0.009620896892512122	-0.011398397321101865
G000022965	0.005220416151136135	-0.04872658408556845	0.02581900119530241
G000024945	0.039855035999539795	-0.0356703722401371	-0.000414928890573606
G000025205	0.03384373888433335	-0.025289312218401444	0.031505835453513736
G000025305	0.051227838368736865	0.04340124632338456	0.0555993557318013
G000025565	-0.04682270903818772	-0.01806485803617888	0.01636177220640786
G000025925	0.011918100727696309	0.004834733399877016	-0.08708776340683608
G000026325	-0.04783149479033925	0.0860164259106415	-0.02093172773018986
G000026345	-0.10121776100804478	0.027559485910560715	-0.09395681083997613
G000144405	0.011914528091780223	-0.01844642270076133	0.029256987783259872
G000144625	0.008328801974563193	-0.005652938926231503	0.00884063993510782
G000146675	0.0031093227192970706	-0.05209494360050846	0.015746203204552285
G000153905	-0.0018929272508635122	-0.024038615806367864	-0.02234356589151398
G000153925	0.031439635383637546	-0.018957303550667364	-0.05390042703731952
G000154065	0.05257922814148926	-0.006655710450549791	-0.011489409791244146
G000154205	-0.09644848425764731	0.0027393913511397218	0.02382587571022304
G000154245	0.01753028397183243	-0.015134993724662463	0.00606416977114588
G000154285	0.02177673381391528	-0.019548810129204067	0.00689551680643235
G000154305	0.03602009933542827	0.029977604105044853	-0.14711094400330427
G000154345	0.01857363408750105	-0.03248310863617398	0.019488293537900506
G000154425	0.03262626744185338	-0.018516815733655736	-0.022565375532927125
G000154465	-0.06758063659216368	-0.04104708278934779	0.02244321803992019
G000154505	0.029046470931139386	0.0013108970781223238	-0.07762233167118575
G000154525	-0.1386650597779936	0.06530603674385331	-0.014813393365600717
G000154565	-0.05581025407237759	-0.010428935223301116	0.008904878292491512
G000154845	-0.09643709989772953	-0.003066214679412701	0.012166465262452289
G000155205	0.06373154851958224	-0.02212379951595547	0.024885957315403866
G000155435	0.013412159066383312	-0.02113502852304172	0.040601974357109334
G000155875	0.01979047943165007	-0.031072213236513678	0.005983995019383299
G000156035	0.018320528850366804	0.04215339178524735	0.04767944732386408
G000156055	-0.058352782169846074	-0.01283568143057893	0.0069406395169755546
G000156175	-0.05521924702643148	-0.039583596547868874	-0.006805565691699194
G000156215	-0.049383948641922054	0.02517927021729321	-0.03736444278795166
G000156535	0.021246919564876496	-0.015082903435702568	0.01827766994310749
G000156655	0.02015772078504939	-0.026943009985549743	0.015255943580531325
G000156675	0.031019281734007705	0.034274043021271745	0.05888858011531546
G000157915	-0.07916113675778297	-0.012995288491910647	0.017658301782695864
G000157935	-0.13149328225735912	0.03146294095507326	-0.022535953073606587
G000157955	0.015602424313372982	-0.01710253741025767	0.014893446656082015
G000157975	0.04877913124857668	-0.05770489680166028	0.023947790567523018
G000157995	0.0020021419035854277	0.02534195847862913	-0.02748960341957885
G000158075	0.0015783011989582414	-0.030968407556950937	0.012296025448608965
G000158195	-0.09470777929443772	-0.03594617479946704	0.02870599133085078
G000158215	0.009874036089368234	-0.012302154369695093	0.022758406244156953
G000158275	-0.009306152086375738	-0.04717302266375635	0.01234306804525662
G000158295	0.05221612938145767	-0.04175760076780562	0.022436552905728196
G000158315	-0.0279755333707341	-0.01631673897789341	0.0253895332382228
G000158655	0.012606243409524773	-0.007257708957004268	-0.011988504939933243
G000159055	-0.020109330604899	-0.0224879698679058	0.025289749750490045
G000159075	-0.030018393117011	0.029666408500155023	0.04454271920184091
G000159155	0.04844758492792748	-0.014004511998414976	-0.052201182478527196
G000159995	0.05133903190315765	0.10673512893380989	0.024426419396887333
G000160095	0.017312010200909438	0.010003870511542466	0.04333168637143273
G000160535	0.029181816758196276	-0.0038308682010115493	-0.031385427346440405
G000160655	0.05026090838468132	0.01367814931384126	0.0748328848428038
G000162015	-0.06558704193831386	0.002584423354804435	-0.06027248769670426
G000163515	0.021894165816830517	-0.053064326957320405	0.017991768851907213
G000164865	0.01854486095595435	-0.0578533265042473	0.017867276978707273
G000165735	0.06422694635857722	0.012758682718816692	-0.004905464739364228
G000165905	-0.07424627178568688	0.0023102663705474474	-0.05861518630534493
G000169035	0.046636731655410636	0.14189660644981733	0.05836992676983743
G000169235	0.024754335114679518	-0.008727797232504806	0.035371974281903924
G000169255	0.00316784940034338	-0.005252070353676293	-0.006978717857802642
G000173795	-0.01433647370142656	-0.01359675565673417	-0.043102588675508036
G000174195	0.04103215976794802	0.02677027959051144	0.06215194861785644
G000174395	0.028336581138488467	-0.020838531623486953	0.03210524178944315
G000177015	-0.015685895051484447	0.012099217874912893	0.039955460266623284
G000177075	-0.04404278484263462	0.01037902014485038	-0.02646912227002958
G000177555	0.014936375137839521	-0.010766106771161285	-0.028793219167246944
G000179055	0.02049884413345235	-0.05487115318865336	0.01629281700850426
G000183345	-0.06993260291719136	0.012692246879266126	-0.0056375907745060015
G000185385	0.033055079668038514	-0.018524814761809453	0.028520129469484883
G000185845	-0.007530432237569894	-0.049962947412015034	0.018961445339909747
G000186425	0.0033667503977660323	-0.010972396872113396	-0.026664178510558023
G000187895	-0.13307927819730705	0.09880305279627052	-0.10437206994012221
G000188175	-0.00031753557053123177	-0.03010405237449762	0.03832686935805072
G000188195	0.02304626881205866	-0.035383359779680615	0.02071819755644347
G000189595	0.030359916054328334	0.0005347109973718904	0.058964905110556076
G000190535	-0.04970869586275758	-0.006076458116921676	-0.008938106951440464
G000190575	-0.01620788920572406	0.02414582475208625	0.047521564415335525
G000191065	0.011527166565273955	-0.019485535068056486	0.02591598900862158
G000195315	0.011980974504693721	-0.030182426321890936	-0.017634984065247702
G000195635	-0.02890332038978772	0.02040449602271376	0.038846851722242656
G000195995	0.0013198915402895023	-0.02060213582076909	0.019615041592896617
G000205165	-0.09829306218958772	0.04227119047684201	-0.09281456215199953
G000209385	0.03715695216681633	-0.0013775367939894028	-0.04676535681870075
G000210055	0.0012534579247844501	0.01508942145859579	0.008156175313091282
G000210555	0.043968044531383574	-0.013758993763050474	-0.002164151001014922
G000210575	-0.03801182738767136	0.06883992771149271	-0.002495419166362302
G000210615	0.022471983075496214	-0.010405665484799669	-0.0398915346638692
G000210635	0.06985588628695874	-0.030588218637594315	-0.03908720217658476
G000215745	-0.007919712351591834	-0.0008813838172639241	-0.06272908187790588
G000218235	0.02547667131437742	-0.004184810136929647	-0.03938143013753366
G000220255	0.02043104495920946	-0.02086481099438151	-0.021987401182853732
G000221545	0.05160149644319899	0.023647234876386987	-0.01202272070481795
G000225345	0.017626298566993378	-0.004579416756232271	0.007335941522122145
G000225705	-0.029926895204301893	-0.020996585037094808	-0.02676622732197405
G000230275	0.024999577814224315	-0.00482165837499216	-0.028776395177963314
G000233455	-0.009788035704950054	0.009182992785909451	-0.015842453706633668
G000233535	0.0029006879220444437	-0.02939968752754365	-0.025406611688429975
G000235885	0.02445933137667584	0.15187770381963506	0.05826410515401502
G000236865	-0.018904041208247666	-0.012362490658566797	0.03277997100795845
G000238215	0.03920258770200566	0.008718475046344206	0.014096002561169363
G000238795	0.061567397297477476	-0.021677432278325626	-0.007339056153782086
G000239355	0.026638092027863294	-0.03635207589408742	-0.001142283189946528
G000239695	0.015006984406765468	-0.01912434316578679	0.03075472376446366
G000239955	-0.05665190368225185	-0.024855912665548773	0.019073224739835658
G000240185	-0.013149394306692713	0.019303200384230043	0.044361609982655176
G000242215	0.037026701025461066	-0.02263416040782529	0.03172863759630473
G000242235	0.06441819767436335	0.012060631973622112	-0.10273184959465627
G000242335	0.016211042277048004	-0.004583426938533005	0.04136954899400183
G000243215	-0.03833539954603113	0.03938975707311404	-0.046787383509764836
G000245775	-0.04068004957518799	0.06581097853405146	0.033956990996946046
G000247895	0.027522126674730203	-0.017705893916241944	0.04373258860471921
G000250875	0.028269929529463802	-0.024158686844002082	0.018528412028385736
G000262225	0.03273372734045626	-0.010859526870634767	-0.03108089357773675
G000262545	0.01942084314044355	0.053782275394886114	0.06400539140734715
G000265365	-0.01971319412686773	0.09838820331114352	-0.025013498529322428
G000269805	0.024697525909559103	-0.0427744962563805	0.019949936500241596
G000277715	0.02761689809622008	-0.023009868802457742	0.026570981593977246
G000283495	0.02100872006933221	-0.01389122488640783	0.042019222906896886
G000285455	0.0035123456903612613	-0.02664055194040712	0.016513457510153734
G000296465	0.019673139175408597	0.16826205812366193	0.06057222882743416
G000296505	0.026319581491163715	-0.025165655096400497	-0.017158085862493372
G000297775	0.02167758712904001	-0.028714529454579852	0.0031540845809297055
G000299455	-0.05152599828269929	0.08338509201223934	-0.009275132360863641
G000304215	0.02440351285632434	-0.01024586172614535	-0.002734941728829044
G000307375	-0.10068578670719272	-0.05483839904865583	0.016620098888714227
G000311845	-0.014156262174998064	-0.027309104002443133	-0.03926226888824581
G000311925	-0.023570854611926696	-0.001141040590153785	-0.011148482944413268
G000312145	-0.0021190089417710478	0.026338119412948828	0.055059749732116345
G000315485	-0.0664756533263955	-0.04244123909447201	0.028840256586673416
G000318135	0.03106503396987667	-0.00461089479240093	0.05019577478058675
G000321165	0.01132296517733356	0.017114391789020644	0.01961941922633933
G000321205	-0.012653664904490637	-0.11270046572306806	-0.005438540940962956
G000327285	0.022255720283705482	-0.02891597440549137	0.028490444157346806
G000337735	0.01851415832949145	0.009647943686062588	-0.08897768678858799
G000337895	0.02628043042412331	-0.042271364890611327	-0.015540825784016356
G000347695	-0.022153311606329353	-0.020350210357618977	-0.03235326001427056
G000349975	-0.020150116664259355	-0.02803417198937009	-0.00618756749990046
G000371705	0.025568824934182322	0.034529646412363425	0.05585333565121587
G000372405	-0.027009676836151603	0.0190489107312737	-0.015733798918274283
G000373885	-0.028428853583699867	-0.013683895767172653	0.031600393369546655
G000374405	-0.008532960583440663	0.004573350243329021	0.02613938692449019
G000374585	-0.02238736490532214	0.09840853146019769	-0.024768339911777865
G000376885	0.023798072973585292	-0.017008540624279263	-0.005454046575214239
G000378745	0.004567620117818691	0.007916433399594814	0.01244709917159661
G000379965	0.012217655649174179	0.0012664412400321817	-0.0342781151844547
G000381365	-0.09155638572531745	0.002401477421563429	0.0023810463471485286
G000381725	0.06777196163044995	-0.02980583650512806	0.031019201074364067
G000398925	0.012831464703843004	0.0887072227920163	0.07049860389527011
G000403275	0.043621855040057306	-0.042470421657306606	0.0072937557440445906
G000403295	0.01805887568634014	-0.042551239852023255	0.030276551103284553
G000403455	0.05378004226678564	0.06222819823525607	-0.08310389809750035
G000411515	-0.014495916987330508	-0.007857546962516603	-0.05318668386024202
G000423385	0.018381037198308314	0.010939444155997104	0.03297049390435464
G000425005	0.025888540408158217	0.011182915834375091	-0.013865524483553477
G000426565	-0.010184071717171617	-0.018702896272159215	-0.02067626395370326
G000426585	0.004381328580678401	0.019446339837025043	-0.005571546400116192
G000427365	-0.03146984465401715	-0.000532319281782289	0.013685492684476651
G000428205	0.02283244158761838	-0.015295766966790195	-0.016764673701976388
G000428565	-0.10442756273168956	0.053458715929969335	-0.1287237056742198
G000430525	-0.004499270409084569	0.0011862733111030047	0.04265920744850917
G000431015	0.020468514445355558	-0.009545006982799528	-0.009215227772871095
G000431175	0.049268121850425915	0.06022742102798647	0.018085271641713054
G000431495	0.01780781030094268	-0.011986861640453641	-0.004471890328814322
G000431915	-0.058097275261864915	-0.013775322281009052	0.012384147601081804
G000431935	-0.014032254921850137	-0.004691336266727003	-0.02604196400744152
G000431995	0.03676342593767825	0.027867378498055057	-0.14208544569632434
G000432055	0.014405486549452893	-0.052425957841358645	0.031808694857262426
G000432435	0.06712770987338605	0.09216993322690771	0.018039209707242973
G000432615	0.010286130069660842	0.012859767278497178	-0.08232525984507998
G000433375	-0.09748010824330355	0.008999409148894532	-0.03392948775225221
G000433575	-0.010609287171201024	-0.0015391017286869452	0.025134347422019785
G000433955	-0.09292173517000125	0.01167518293199851	-0.027930488326305552
G000434095	-0.0015447943347358273	-0.005924165673361059	0.02854399444953304
G000434135	-0.028960959388140126	-0.0057726334814465225	-0.025521514021423816
G000434475	0.08039800895786703	0.007539982641211629	-0.07029085120593014
G000434515	-0.06529265385530897	-0.03409563059224532	0.015087100368345454
G000434535	0.04950792547486292	0.04567156939960749	0.06252221828059627
G000434735	0.0002091423235016164	-0.03362618150198019	0.03569538781648932
G000434855	-0.054191175820053734	-0.021711543377795708	0.027046614751582283
G000434975	-0.019459310590598956	0.02179837355675396	0.03853827683797116
G000435075	0.011783679841229099	-0.01622374527075156	0.015893713785383224
G000435555	0.025696922155352787	-0.045900999103263125	0.024163489658442606
G000435635	-7.173609072182238e-05	-0.025184654819581535	0.0031519555925463858
G000435735	-0.0158331402215132	-0.04448659708365244	0.021941517173530795
G000436035	-0.06062083127728661	-0.0396449949060616	0.014070956852137433
G000436055	0.012205007267724874	0.07599827159594016	0.05778868344235902
G000436135	-0.09072691317839776	0.001634650040263159	0.007409282632665735
G000436195	-0.014076784389030251	-0.013055022370114668	0.04049116009689013
G000436295	0.03023193365918309	0.04749559315542857	-0.03202611783645392
G000436395	-0.026342481813794998	-7.583793069164036e-05	0.016909371783247196
G000436435	-0.07613255773706533	-0.021091705056615256	0.006821726264335458
G000436695	0.030896456556258257	-0.013161045326486008	0.040401964351533065
G000436795	-0.051282182879435596	-0.01502060926847975	0.008416570627409274
G000436855	-0.07451591464705137	-0.031898152538860754	0.02176655364979926
G000436895	-0.05349454815701953	0.09669730492462549	-0.0127417771566723
G000436915	-0.003821877822185582	-0.03291957691191269	0.01402192450534064
G000437535	0.006507719618027208	0.019404790328900308	0.016056229164751915
G000437675	-0.06268346390320609	-0.018824130053152286	-0.02898348843602719
G000437715	0.02562607030399449	-0.03233827757174837	0.030859938573803397
G000437995	0.0037656055117929322	0.05220752326110063	0.07749413146270971
G000438035	-0.09779646155466554	0.00793628305590342	0.022167787419219348
G000438395	-0.1442972800733434	0.03764323368670878	-0.12607850545404137
G000450985	-0.06632414562908864	-0.014761501705835301	-0.012963505664874864
G000455225	0.0219629656862878	-0.023571377639586374	0.009055398143322289
G000455445	-0.01737448693491945	-0.00940961977042227	0.02015650982228138
G000463355	0.04064235735329756	-0.030312290170967243	0.034515754979964536
G000466245	0.002216390954749125	-0.020254192540503792	0.018383989677109934
G000466465	0.028202014515842255	-0.026789416010657142	0.015767390759535344
G000466565	0.008154921991118988	0.00365253570118469	-0.04832241576729277
G000468755	0.04222298005609991	-0.04209323863591953	-0.035043265456462226
G000468855	0.05019125872920029	-0.03508801548205028	-0.016496490918589644
G000469445	-0.053840320144405325	-0.0029902630186890438	0.026222343437256195
G000478965	0.04037456559261394	-0.015262641818381327	-0.01921225779018401
G000479045	0.011030614714717068	-0.004321237925319236	-0.004477678164934675
G000499785	-0.0007631026194105148	0.01803259708030799	0.05365851713122809
G000511775	-0.008327845129262183	-0.007030675709502657	0.02570457228217959
G000512915	-0.006468677090398302	0.039352112026200224	0.03856310564448925
G000517545	-0.019719300361609644	-0.025705255287822203	0.021567301169744982
G000519105	-0.023261357417336457	0.09282417151600071	-0.02336122383665684
G000524335	0.0851443293854645	-2.5097625935039494e-05	-0.0540244800878167
G000526735	-0.05398886101131129	0.049723964893724215	0.0192052071712531
G000565075	0.01710827646967872	-0.01927419925361502	-0.0297175309863585
G000585355	0.013091415912198683	-0.01409873260710545	-0.018855410155451748
G000598465	-0.05525610525291429	0.02863532144602463	-0.04240139742681403
G000598965	0.016636378469962368	0.0870830581919243	0.06291259401970144
G000599385	-0.0676359096189013	-0.02551481169504907	0.023142850142979392
G000613345	-0.020596808071582307	-0.04003077884975372	0.013234987129987276
G000613525	-0.00639212856461338	-0.030191282618610114	0.00585668284169232
G000613785	0.018844887549256856	-0.032450901698840975	0.020382337053397724
G000613805	0.002327345016105572	-0.028367477250250087	0.026414480282712524
G000613925	0.005489611324999755	-0.002969949985694007	-0.04040940915243487
G000613985	0.027415919328450025	-0.020640982510494572	0.03188708210893206
G000614145	0.02761294354883014	0.125461755145924	0.06199987472527517
G000621445	0.07651304401642708	0.0315216929640442	0.017828723727925013
G000622245	0.016067746661675257	-0.05385093720767833	0.016661651616234792
G000648175	0.0194965802352232	0.040854148317396304	-0.03198692729231154
G000648515	0.04412381426857709	0.06483936944794412	0.05424166777984901
G000686565	-0.033703195472909474	0.03610284168921454	0.04422851811341365
G000688375	-0.006757399299120634	-0.04128976921360979	-0.0039127506128266674
G000691645	0.031246380058011187	-0.02473790585101336	-0.04703945509575818
G000691665	0.07364115292427142	-0.028774781937959706	0.031337655956820296
G000691685	0.06153804103679712	-0.021316930375889668	-0.016528490553415674
G000691725	0.04852114125362421	-0.028927442376412406	-0.042422975887454493
G000691745	0.0316997298892885	-0.010860554876497478	-0.07756355311930753
G000694955	-0.08892286103211515	-0.04024361443381747	0.029895877120221147
G000701665	0.038941260656476066	-0.0319648696458386	0.012018692089448585
G000701705	0.037747414529544145	0.08835767726553845	0.0719167558165873
G000702025	0.04198024167229435	-0.04713980721147288	0.02310926131036639
G000723745	-0.06087404649235073	0.0031388993142622	-0.04515557319844323
G000735365	0.014890564194320723	-0.020552854776277763	0.023451157070035387
G000735455	0.0660312560772836	-0.035303856714186246	-0.0013374410740561627
G000735515	0.005749741890897922	-0.010350195021735622	0.02107221102203682
G000737865	0.016316281298145847	-0.021796635439066122	-0.006443781301131663
G000738005	0.04341536343916881	-0.04891229358373985	0.017991561858472387
G000741135	0.004056124031395076	-0.0070074753782799586	0.015557688935546096
G000741165	-0.025271159059842986	0.09555923849856718	-0.022980908022883814
G000741175	-0.13897832358313547	0.07118199996860264	-0.013142327062912802
G000741205	0.028538971843000253	0.00864694097416156	-0.007049126526590057
G000741215	-0.047324315984870774	-0.03380919833801587	0.015031124707177695
G000741255	0.015060271477904475	-0.004402332160666498	-0.029363419062179222
G000741285	0.007950722902361854	-0.048376121257566775	0.030663993701798103
G000741525	0.031331335351845305	0.003210802336951366	-0.0021796882859734536
G000741575	0.007250802248467381	-0.01743554179813839	0.0365602885866643
G000741645	-0.018308916969245075	-0.012460395123616503	-0.0641379526280512
G000741695	-0.10038171762705977	-0.011247328511787433	0.01807444623912671
G000741705	0.01475836088613282	0.005213232953824618	-0.05178171649018448
G000741715	-0.020400038705909816	0.10081857765273264	-0.029223774508038362
G000741765	0.01688107650257153	-0.016260329438326067	-0.007080809730609761
G000741775	0.013369379383439076	-0.008982992352271933	0.00600907123387116
G000741785	-0.09700552548854664	-0.046258677700716455	0.024482939077537888
G000752675	0.015982464005485003	-0.011490676902541583	0.02332178845042454
G000757785	0.01143278219102257	-0.005463672502502399	-0.037180082855998615
G000758925	-0.012965554278325653	0.009652644550475814	0.02600869177256208
G000762865	0.010403263401883401	0.0022362890591862473	0.041337186972569856
G000763135	0.01434277365043434	0.13315058225357904	0.03351302247434504
G000763765	-0.002539970764773206	0.016646136586773004	-0.09561751689104762
G000765235	0.003308275915895913	0.011589733019080336	-0.0005044136053179026
G000767175	-0.04560628030247033	-0.01734218346542537	0.025287872013490822
G000768955	0.05880654601821833	0.04263760055363739	0.09095876428212168
G000775615	0.018941709540266027	-0.026274234016916826	-0.0019133546016334088
G000777575	-0.06660875315731465	-0.014497107099981319	-0.0034761836785750224
G000777875	-0.05491448176196923	-0.027479879017566156	0.025518533942009744
G000778805	-0.04933740827352055	0.00873840759091586	-0.0072961156770447125
G000779535	-0.01977800174627395	0.05221787338969854	0.04029552321460931
G000781475	-0.04864817522306689	0.02579153658390898	-0.0019663550763545142
G000784965	0.014439339999727558	0.05217560043819507	0.04433476458541917
G000785515	0.028403438305884883	-0.041317999735438406	0.009937153638004303
G000800475	0.008540713136906734	-0.015731180872771238	0.014647008808350553
G000803105	-0.023045498430468662	-0.033048739912667206	0.02602058978033421
G000813025	0.023266948346900726	-0.004667763407056092	-0.0254045250823817
G000814825	0.003756698458783543	-0.025715503086408676	0.032139978965920406
G000818035	0.007989074435015092	0.0025783619436201273	-0.09713035666753074
G000821265	0.0012730600325350824	0.019505402988784618	-0.01396443012304058
G000832075	-0.0011028238744211988	-0.026792552922313494	0.02681030338615582
G000834015	-0.02768471890737594	0.0067436839691368	-0.020066425231358046
G000944155	-0.06758390637998458	0.01452865007598324	-0.005992621158020105
G000944855	-0.08121506987325922	-0.03248615234729484	0.02789820709090063
G000969835	-0.0011035759305674196	-0.014179782285769642	0.037356898937172714
G000980235	0.05597662448050942	0.0498187671976162	0.050710916158446945
G000980375	0.015009024375992568	-0.021569442638195983	-0.00526005442208714
G000980495	0.012161761768507457	0.00845041668278314	-0.09439322291639367
G000980515	-0.023971963393844442	-0.0187710978812089	0.03751912181142434
G000980655	0.04482751052431491	0.09283360697806656	0.06423148585384404
G000982825	-0.01638275428339602	-0.029522413959404487	-0.02640873259540871
G001022135	0.004243225492148582	-0.012912848409813452	0.020398109334449892
G001022195	0.015544697434430543	0.016776540353836956	0.04608709098870167
G001025155	-0.02210578818940613	0.008493375644389237	0.021108035722187106
G001025175	-0.04712765793692085	-0.027658302217089613	0.02782575011132942
G001042595	-0.022011427883272434	-0.016124881704424016	-0.021078944756684086
G001042635	-0.024223685644916733	0.0930686211006839	-0.02268145000847543
G001042695	0.10376930455748583	0.033154352897347326	-0.05176249354846343
G001045675	0.028290679011716377	-0.022828663551920474	0.024371855753543403
G001049915	0.020899875907103405	0.011898904591159224	-0.04435460969308003
G001066585	-0.0490989426039278	0.012515570602232124	-0.03711616390123815
G001244495	0.000891695044637964	0.01171674194898232	0.003308745791925371
G001244995	0.005741109019237207	-0.008175366809743545	-0.06920896578696129
G001262015	-0.00444647500825048	-0.024419486294586658	-0.02018142802598386
G001263395	0.01685362570013748	-0.010502171063584828	-0.033272725787875504
G001267865	0.010340754653666044	-0.052187096209099816	0.017084290432897213
G001275135	-0.010807031339944059	0.06201574106127069	0.048833341987345145
G001280875	0.014790676005233323	-0.012932970622226446	-0.015244666006583899
G001283625	-0.05054572354315181	0.08049427603891311	-0.010852259923985924
G001304875	0.03839763236163504	-0.03163147701697599	0.01950812450749879
G001305115	0.019515029228775283	-0.04957225923972912	0.02541506967873114
G001305135	-0.06735051832735504	0.0016431155370051898	-0.029375420970146796
G001308145	-0.0696029710609721	0.022057397014628194	-0.03533333339182476
G001312505	0.01398977730548949	-0.051460928853266315	0.029273833279802788
G001314975	0.01225574795498312	0.1084542949007199	0.06448669957752586
G001314995	-0.07345823100975785	0.004657947729892338	-0.01402063315292089
G001318345	-0.02263074026647224	0.09092875073085087	-0.026682226302274657
G001398415	-0.03340355075291329	-0.02153300311624267	-0.03244133757946111
G001403595	0.00564625274727115	0.021271133201860384	-0.0011729648808881884
G001404335	0.04971321856308423	-0.024597947460370997	0.030507304462818654
G001404455	0.00914128352245213	-0.04932043757162416	0.030156376591803105
G001404695	-0.053728684405866256	-0.0008086391123898466	-0.026964252106773674
G001405375	-0.009817000324205592	-0.018531805382491544	0.031323551592127505
G001405615	0.009621510321191752	-0.0006416177498114467	-0.017362301691018725
G001406335	-0.007616105041198465	-0.003503199433026771	-0.059603028783372744
G001417815	-0.10636954400025654	-0.0008618081916670432	0.01908428356142657
G001436895	-0.056211029609349816	-0.021271930173493752	0.007757506039938085
G001444445	0.022280157167567344	-0.01732743074643439	-0.019690996834618266
G001454945	0.021567950278788595	-0.0034673846525849626	0.032368564019990546
G001457795	0.052624053977888614	-0.04028437756522836	0.036300725933341584
G001481375	-0.05253832795639422	-0.02100675204823008	0.02199297676878687
G001486665	0.02508842736547241	-0.01755536768634742	0.012643767933832135
G001487125	0.009357177387336697	-0.04352344041463722	0.013405589913486674
G001494635	0.008853561342745992	-0.014398774224041172	-0.01801597165075642
G001512635	0.03336756562357314	-0.00889103527689621	-0.05676251217033149
G001543405	0.030647310658679743	-0.03178589858709045	0.002256469624666231
G001552785	0.016893760592336556	-0.059490090628633426	0.021562720484341158
G001553935	0.012871005526900316	-0.030495011038853492	0.012291268660949092
G001558935	0.020411360163740514	-0.007900241762957113	0.023755207670352052
G001571285	0.021373508599200373	-0.003640807343337239	0.04575811593166611
G001584645	0.0089447118775187	-0.023760192058703385	0.005802064173640234
G001586165	0.02067838065595134	0.022735562920179184	-0.004371840881439973
G001683355	0.014936464040152662	-0.024784032969012205	0.008274399642057527
G001688625	-0.08565417147255745	0.015590078615631562	-0.0016291531248620347
G001688965	0.03804074558279155	0.0025858650587073377	-0.07627595151540674
G001689425	0.019656251602647504	-0.027715115336134185	0.011982051575862592
G001689655	0.005512212533451877	-0.03287466355427912	0.019050155023639315
G001701255	-0.018968540371505055	-0.0043790825757663325	-0.03402679884047775
G001701295	0.07360422783613986	0.03623487992845077	-0.1373789956773439
G001719865	0.02562686516913016	-0.03217497408800512	0.034494195009133845
G001854465	0.007229186075097182	-0.020722307820830132	-0.004320662064652252
G001855385	0.02096977944868029	-0.01902218575936099	0.007631778664638234
G001884305	-0.05238810273755214	-0.030185506646109833	0.023204717499259033
G001899425	0.043686747875506575	-0.033747154110005735	-0.006890877619486558
G001908775	0.026220115690047115	-0.025005052683897955	0.027191426884972916
G001915415	0.008817607547901006	-0.005841843202040422	0.043889744411439086
G001915435	0.008702431895593913	0.06927832146578486	0.050450568698513804
G001915455	0.02641550362640113	0.14811267586312035	0.0570419902855539
G001915495	-0.06710150248535107	-0.03289634309530174	0.01330165009610903
G001915575	0.025229992065960587	0.021543775085864823	0.05589786694980087
G001915615	-0.022706310792871224	0.09507970712398464	-0.030824105019485706
G001915655	-0.013988617798353272	-0.011942904729816385	0.03886027914548213
G001916495	0.012653408184348416	-0.005062126881776635	-0.035675133607911164
G001916615	0.028753363404259057	0.015969862901298607	-0.013996943146509965
G001916865	0.014852278504600509	-0.00633465297232885	0.008309704342484613
G001917125	-0.0423191626396135	-0.03296687935388235	-5.089868247111678e-05
G001917135	-0.011813969034927518	-0.00810870905341896	0.02812574798304466
G001940855	0.0013283898192781578	-0.020008381163896204	0.009628616133300282
G001940945	-0.0379150935726407	-0.02504649862102221	-0.00409528401733802
G001941055	-0.0024195901818900418	-0.019880370238599277	0.01328621785540862
G001941065	0.016762228507854988	-0.019109331838142406	0.007989732874871385
G001941125	0.019745762531682653	-0.005211298713230351	-0.027153112304555544
G001941225	0.02754706470653776	-0.024321558289531402	0.005599123317702938
G002032965	-0.010143188342248439	-0.028334319064359487	-0.011652252300689224
G002159555	0.015221857018296727	-0.016295065472762268	0.03233210154164626
G002159625	0.02168136470846309	0.04997339671574288	0.05305570690321707
G002159645	0.006442385582433976	0.006116561372871413	0.00936861563306249
G002159835	0.02467384949843041	-0.015462620879000286	0.009004808211958327
G002160015	0.09407360029777084	-0.025447996136690725	-0.03945851280592394
G002160025	0.05630392813266862	0.037607269117819205	0.04055574509294743
G002160065	0.010306662525230902	0.008965621074873498	0.0001494250239939904
G002160525	0.052064640898663916	-0.03203453043003587	-0.010875664490899759
G002160755	0.01692489314918121	-0.02677777229340124	0.015415539448789239
G002160895	-0.02501508166309335	0.02115555105215529	-0.023088786133753918
G002160955	0.018470124825324355	-0.03424056043801147	-0.004759352205971319
G002161065	0.0030514382277449736	-0.019161187279858726	-0.027818246801086726
G002161285	0.028868749610779985	-0.0033753377553517277	-0.051446198455211666
G002251205	-0.05793185180303796	-0.01606642875440816	-0.004006552479547452
G002251365	-0.019422253630863865	-0.029240777190316064	0.01959808391149054
G002251435	0.0015245330667099158	0.008233058715720295	0.03651458248840496
G002259605	0.014168276568595347	-0.02029237722789459	0.03164223844225747
G002259685	-0.046030247889128136	-0.019850722458271675	0.018321391426876648
G003014445	0.022345984289796565	-0.020778517858078223	0.008508926545933613
G003072045	-0.0015154871183545645	0.04275978077729105	-0.03508067909986296
G003148945	0.005576184167477566	-0.04063992461829979	0.015193012544148477
G003150645	0.015612022712642044	-0.02077181273404922	-0.011207841498270787
G003265305	0.024293207636255292	0.02273767683565441	-0.07698061047963764
G003315635	0.012681427026605387	-0.013118953812550498	-0.011693750921902377
G003324125	0.002992645491108406	0.010171602502359456	0.04877308300521422
G003340315	0.009312323872612683	-0.05356643024721353	0.029027646703278755
G003343915	0.057104642596533944	-0.0512962238839809	0.020782829917039395
G003432035	0.030737423852815443	-0.006064940532867985	0.02976302081669783
G003434045	0.05124727896810844	-0.0405519414241329	0.020007800959665388
G003435055	0.0237807217134328	-0.016594062017554995	-0.04691274190951029
G003435925	0.02039813767040625	0.005665339329057926	-0.07147451166455591
G003438995	-0.013783570014048166	-0.020009319696743296	0.0006117845360584106
G003457795	0.07220312643607324	0.025891746754904636	-0.029543305103518703
G003458885	0.045447834760189064	0.031054498683785944	-0.05334138208187854
G003461285	0.030110686803210735	-0.012550467431558276	-0.02788615509191266
G003467125	0.03521554277863736	-0.017538270316720877	0.01267722554819759
G003467845	-0.01222721079029736	-0.04178931366958467	0.010083675692224781
G003477885	0.0417081684708918	-0.03810262870271642	-0.01949371651453371
G003478165	0.0072330666536114625	-0.029744559512253816	0.030029092770405608
G003478285	0.012446299795764419	-0.016631889700617748	0.031099264957642266
G003478355	-0.028204386924195548	-0.007854870508974605	0.02960168967261103
G003479825	-0.012520249588881597	0.06655810018392676	0.054887239187849046
G003479885	0.011407447049907638	0.014503525741238157	-0.09882322171975438
G003481355	0.03641474302395373	0.01599712663900735	-0.1296862003918308
G003481825	0.004532799286359427	-0.0657830504867921	0.03346154891070231
G003481995	0.01973805218788447	-0.019073564524731308	-0.027089032156181293
G003490145	-0.012013121379454091	0.007927036216932533	-0.07834180240956819
G003611805	0.10693373887782498	0.023396073004085124	-0.09595051412186953
G003762615	0.015297965025033536	-0.006875353354211346	0.014658183447591932
G003762715	0.007959952746587031	-0.025499329573381645	0.015444957960774554
G003762745	-0.0070714555179514985	-0.026574076914898836	0.0287217542970416
G003762875	0.007407849334028942	-0.016275888258967256	0.0022092720597944493
G004102775	0.02070752505902285	0.07583547370708058	0.07286150786701247
G004102785	-0.0010119681794391563	0.038602171471144774	0.05679193765735774
G004102805	0.014985001905147587	0.002827364656106431	0.0445635925972045
G004115465	0.032214172983488984	0.03560577434298538	0.05829177460118788
G004127505	0.02707322614453235	-0.021949309073273297	0.03505606355627279
G004341685	0.01627987541974425	0.02092454256579324	-0.07545072156569045
G004552135	0.005312207765583081	-0.0236085179278757	0.002282044135474427
G004552795	0.021891831079519353	-0.031180766138855658	0.03360401044619308
G004553245	-0.006706521912234734	0.019898006108787187	-0.025278726908031842
G004553345	-0.01905882797604157	0.01744586118995914	-0.025507247806896425
G004553635	-0.05219489116650437	-0.028290525589709486	0.01855265616046133
G004555055	-0.006606113908804286	-0.011906293349790547	-0.018351414326962027
G004555765	0.04990050878008213	0.05600104710455058	-0.013078923274848449
G004556045	0.026257754461942867	0.0005009342903888022	-0.06896041098412956
G004556245	0.019414276604874967	0.01326730169788321	-0.04172474822571544
G004556445	0.008232748598432883	0.022342500998542708	-0.017310165278958307
G004556705	0.0012827024324834743	0.02432230351287462	-0.06701154808944672
G004557065	0.03920635034441618	-0.0015228986657146682	-0.05219137592350281
G004557245	0.03355746892619678	-0.03465127751592494	0.004149126250114382
G004557415	-0.03949961558592127	-0.027944430921860716	0.01871973597167626
G004557545	0.031262595695499024	-0.025363761920391702	-0.002404035628106136
G004557565	0.0297264967441352	-0.039766676097914816	0.012743398671977258
G004557655	-0.0007047069832451677	-0.03180806677520849	0.010276094973059164
G004558425	0.0022312891619617656	0.009446082785340777	0.01993140099775565
G004558535	-0.0038802590891851767	0.004478820495025148	-0.08606661022257694
G004561075	0.020984547213265894	-0.0071042877161669946	-0.04125616865670939
G004561445	-0.017120154535109365	-0.008281474888017807	0.02882578633561126
G004561455	-0.06812902454204103	0.0065227470548456555	-0.05248295405218135
G004562255	0.018772232492763177	-0.022705097685262368	0.028101035006582745
G004562975	-0.0008529504287899549	-0.02812252991396318	0.02490675466563261
G004563195	-0.010950505593929509	-0.005613093035526893	0.03736217592402621
G004563615	0.023049871768987942	0.01669148556021486	0.060290031803785726
G004792655	-0.03337451121064723	-0.01378097772737627	0.030198093482359554
G004792675	0.0019136224928689477	-0.011517041925421375	-0.006179480979783922
G004793665	0.011187793077597782	0.011613420342274415	-0.016619536881357744
G004803695	-0.028438800337634303	0.025206189183396645	-0.07346356178914522
G004803915	0.0006050422039230532	-0.014226122262386414	0.02087575925834591
G005048345	0.018916627708585876	-0.02543599088406884	-0.0038682387084298894
G007293315	0.011920189143171602	-0.0008979374628181017	-0.019014664864478396
G007559425	-0.04212885657630564	0.008309609807651747	-0.03821694679836248
G007581405	0.1222524871619252	0.029016912091612643	-0.09990229192433904
G007896885	0.011221873856842214	-0.05089988163418184	0.028223057542325927
G007998125	-0.023587204175133644	0.08827983888139292	0.03642594762939714
G008040105	0.044772698653523346	-0.030753390226579972	0.011880176075115876
G008273775	-0.08775738181943689	0.014977589647445421	-0.025955678942478973
G008667375	-0.018371462992414118	-0.020640000603743842	-0.007191367515957254
G008679325	0.02461435757891946	0.04594542889528655	0.03955239720435262
G008698165	-0.038103945466650926	0.09673315672157816	0.030986682809358925
G009695875	0.029060544090093895	-0.014989660338069172	-0.019110532104185757
G009696045	-0.02695662236591439	0.012910034320975712	-0.07909229128797797
G009696485	0.0347784243771111	-0.005963573578666711	-0.06110092195147596
G009696565	0.0059569856790143705	-0.007236168788512453	0.02410274860202391
G009774765	0.020566647522615205	0.014672372050570254	-0.06698367163515553
G009774865	-0.03344902089041266	0.008300491625108753	0.014088573684913331
G009831105	0.012754364844410974	-0.03506388490260333	0.013183792203727241
G009929575	-0.048942356243423316	-0.06969462313986434	0.002732051581404021
G009930375	0.059404919981210565	0.016421462690731966	-0.1137811023310538
G009937725	0.021428110123494507	-0.021281405337056344	-0.03881204911375829
G010367435	0.022936820644205116	0.001557472629040171	-0.07438250336733908
G010500965	0.04002186701699075	-0.015710413557963626	0.017048948735652925
G010537155	0.013433223649363382	-0.021453405410829036	0.02644961707002631
G010592515	-0.04926930125021958	-0.02151467402612449	0.019293396823879722
G010667615	-0.0007088855900211489	-0.00646927068273882	0.023780734460798723
G011959405	-0.00606685918784352	0.02361403365169624	-0.018502143918666798
G011959465	0.039308514406665516	-0.0168835870732913	-0.04316779617709868
G011959565	-0.001336508766687973	-0.02535590843547763	0.021027224261568868
G011960185	-0.030186557267504112	0.02595081460114025	-0.018946079010390724
G012102505	-0.019458619770497027	-0.021946751635998674	0.013122318883332328
G012161415	-0.05521032414961184	-0.02851414446715438	0.024559504483465132
G012357415	-0.02100788795580138	0.07261393115638369	0.041062214605608195
G012932365	-0.05324651759940068	-0.027346420170783387	0.034292140404705095
G900021155	0.008594452365060222	0.025397757048280428	0.040297670448337715
G900046475	-0.03495647685869097	-0.061046514629864185	0.009720228165164947
G900066095	0.01577573476079303	-0.05532226647810114	0.02931755736928529
G900066135	0.01335504924239822	-0.012585769905004419	0.03448081726177466
G900066255	0.06402536411271655	-0.02540962792551839	-0.025078572089802364
G900066445	-0.022014336020707227	0.09157076149151346	-0.020020613457177556
G900066505	0.015945652109760972	-0.02719712636839717	0.027650406533917895
G900066525	-0.05388438394336044	0.03325670319792668	-0.1178722444040446
G900066545	0.0104434310553047	-0.024439737439821484	-0.027020498473138435
G900066655	-0.07326954401058502	-0.032876947671016024	0.015130310277590603
G900066885	0.0865072640787583	0.07033095653796854	-0.059963191038690127
G900079775	-0.06351302537213574	-0.03161821597767996	0.03576745710866211
G900086585	-0.05448277790863946	0.0026851616349683233	-0.02951952892025476
G900091655	-0.05615149456011055	-0.0231385790342423	0.009258553209111389
G900091675	0.01624901547634617	-0.016960290457012615	-0.011955083665952429
G900094885	0.020951724167809438	-0.018120259652640733	-0.02921489017222875
G900095865	0.03695804792618397	0.008641014325802698	-0.07552302894655953
G900101655	0.022419446326041842	0.007838277116764106	0.01955787929602054
G900103315	0.00975828371328457	0.009980050395805034	-0.14640127692178495
G900103425	-0.022599418466456078	0.09214543874920413	-0.0250714416383831
G900103535	0.023093878528298036	-0.028237513230554984	-0.013141616023010293
G900104585	0.025702366605730786	0.017187270780223727	-0.07986860287788855
G900104605	0.03902200550910268	0.02230969749971524	0.055708920017098595
G900104615	-0.052516001826223	-0.04092281751066192	0.017946260940555778
G900104675	0.004678467761610591	-0.017620206186786957	0.006158485883869468
G900106785	0.018973177012142038	0.13313566319155898	0.06068536060073488
G900106855	0.019729480398170705	-0.04549057980221235	0.019721611994479832
G900108345	-0.049479124764110344	0.0014810894220497243	0.03702985964026226
G900113155	0.04228491557272542	-0.01342550000071204	0.042612585465799914
G900116045	-0.08548496809826743	-0.05385615771239707	0.024664643428681115
G900119895	-0.018665906785045944	-0.01732459917563844	0.027704759685936897
G900120005	0.05716805674140921	0.01908440717610421	-0.15042842208075044
G900128475	-0.04692473894282834	0.0835094077053895	-0.0025979935928902203
G900128485	-0.0652915123400867	-0.03283686830242131	0.022067300090445788
G900128905	0.021633229511263435	-0.007342140136337256	-0.024891249987574506
G900142165	0.03257348904489475	-0.027013151987903303	-0.019522582699128762
G900142265	-0.021148470771875948	-0.023344990783995743	-0.0025070207164768787
G900142485	0.013786421464998535	-0.005148263066920443	-0.030434790830568034
G900143685	-0.05060532219063937	-0.0272561177926744	0.0036437614481884973
G900148495	-0.008231969677633302	-0.012341471034200576	-0.04009254382069497
G900155635	0.022378255920361172	-0.004878113275982647	-0.022983592167940995
G900167275	0.008198601229763833	-0.02944071878720682	-0.020052884094227248
G900169495	0.02577426903261921	-0.026970579691259447	-0.016357738254156932
G900169975	0.02416020266192863	0.018042624274207913	0.06331016498449006
G900176655	0.02053231172436991	0.07877142383950517	0.01356049442092265
G900199495	-0.02271359412828105	-0.020762190020978965	-0.014689433080374287
G900227605	-0.07000808372406986	-0.005381097177913715	-0.04851661425431748
G900240225	-0.02720637979116144	-0.024904679454164205	0.021569008438525696
G900291465	-0.0016783102748995956	0.04746549934862835	0.04792325211017387
G900292045	0.03860397689833125	0.03345601351112584	-0.07543149647876908
G900312975	0.013459277539201368	-0.012870821382448865	-0.020779616197525927
G900316315	0.055728570376108254	-0.013958915320685385	-0.01929471961610363
G900445225	0.003039873351015325	-0.024761566715146573	0.023467927438189644
G900538745	0.00558103928876195	-0.024074735914887947	0.007240505657761381
G900538765	0.00745249051623887	-0.004099396600809159	0.023538831972620952
G900539795	-0.05100989370597023	-0.02633829460475878	0.020587524279358553
G900539925	0.03158130509137713	-0.020598329451541	-0.012360513691626107
G900540205	0.06809938743518197	0.03145845337058862	0.04409632987099318
G900540535	-0.0006904133468462443	0.014041188565177899	-0.06900394843990319
G900541935	-0.03435219456645016	-0.004240826910154552	0.019602594052168493
G900542815	0.013914237068874047	0.0017917317757875546	-0.08382289453979808
G900543375	0.02205315864145579	0.07972508706985318	-0.013946499350789423
G900544565	-0.012596532770692411	0.016560888586514146	-0.01186435624183923
G900544945	0.03676268325312653	0.03303193037257319	-0.09633799945845439
G900545025	0.009417884467621795	-0.0016165858249975204	0.039346763768822936
G900545585	0.03755905261308586	-0.0011196895569813427	-0.03534629110734879
G900548875	0.0035161323362314857	0.05997274369701519	0.04779108215106519
G900551515	-0.011721111839873774	-0.028357621587253058	-0.004490656478506728
G900552255	0.01635759759897404	-0.05768279475098056	-0.009467701839108719
G900552655	0.026459495443670718	-0.015823134901079387	0.04101767204538886
G900552765	0.024903381681641305	0.01526828539801765	-0.06022686238395364
G900553625	0.017676314365028284	-0.024580593205338935	0.005190200678894091
G900604335	0.008580386229118612	-0.03338419645678331	-0.005835409079397534
G900604355	-0.05586907336306102	-0.00940540276658999	-0.007827840925344002
G900606105	-0.060638397586780676	-0.0016815407193969854	-0.04411390056184901
G900683765	0.030514444465312058	0.0028060572814252427	0.05307492161526046
G901212675	-0.0658681881559381	0.010290935325526501	-0.04177949507363679
G902160675	-0.02460036609430004	-0.011402624373962767	0.025881749073671943
G902167945	0.020278184562427966	-0.01545340892108885	0.01114485111480172
G902167965	-0.007674388579417281	-0.025797450501407845	0.00112663402734395
G902363025	0.0055170807500181255	0.0391313010459588	0.05946593408035386
G902363055	-0.005261972834021798	-0.000482670439360026	-0.023361536342027436
G902363075	-0.010022022984584543	-0.035239927500500846	0.015765235955452206
G902363425	0.01520758279221113	0.0021087167942589204	0.03775934415631135
G902363555	0.012407197176453224	-0.008743402905950156	-0.007044483193432625
G902363565	0.019709018096214535	0.05586789769255768	-0.008231520718870629
G902363595	0.02112986447158679	-0.03260251020710385	-0.030799613686018947
G902363685	0.03107168869837335	-0.01785579348780799	0.03734619710606548
G902363725	0.011339958514504244	-0.015313407873425382	0.009868350972707746
G902364485	0.021031619499047974	0.011427504922244064	0.018694777703740624
G902385285	-0.038213836202608396	0.007434545774065823	0.05165917491840307
G902387315	0.07349512230579659	0.24449761182953902	0.07236908708818225
G902501965	-0.03660740128392069	0.03155191944727449	-0.03145488360194686
G902762555	0.09731349502927411	0.029484097275272188	-0.10835476132010906
G902777695	0.024943873761207262	-0.05277302290189045	0.0010959403422596025

Site	3	3
Transition	-0.5911773360805115	-0.0041208628415762465	-0.5555502295301766
Pre	-0.3614456090310011	-0.10589224359176577	-0.5946964666590524
Post	-0.7210176343314765	-0.9943690719428793	-0.5811196563636499

Biplot	0	0

Site constraints	0	0
