Eigvals	3
158.4920383805415	115.8240132977926	36.69832565884935

Proportion explained	3
0.629856027501949	0.3363749189784954	0.03376905351955562

Species	624	3
G000006865	0.039458197261134094	0.01595230233001581	0.013048002016754831
G000006925	-0.03562820865611473	0.1995825019707937	-0.025685157476668632
G000007145	0.02740180807057032	-0.008958958692342906	-0.01705134496908505
G000007325	0.04988184551782175	-0.014364899118413326	0.03015870916833115
G000007525	-0.0586942700830369	-0.026703179297222206	-0.07508182551051468
G000007785	-0.013480254438536399	-0.018011754923529282	0.05944528662872303
G000008865	-0.03482049729631408	0.19982316350667323	-0.028134662062954664
G000009925	0.027181262743971247	-0.015016871263470174	-0.09735370586758675
G000010425	-0.053640622255504505	-0.02149205780464274	-0.05283615673664986
G000011065	0.036981638262603145	-0.006972602070887493	-0.08194818547643822
G000012005	-0.03416927015365098	0.19919052892078343	-0.021311856127296785
G000012825	0.048755799673765865	-0.010035334540469905	-0.15293703910240736
G000012845	0.09979563955415259	0.007437753395640471	-0.09662262401861554
G000013285	-0.01588133475214296	-0.013736361184207072	0.021458284579465987
G000014205	0.0037959330661438005	0.005170119417338595	0.029671194339015963
G000020225	0.0017867369304368599	0.01609728849681343	0.026102983873775253
G000020605	-0.0029955313308320584	-0.010072267747174502	0.014243479238390122
G000022965	-0.062359175245024503	-0.03607970161969264	-0.00018366099852221883
G000024945	-0.01504013512933862	0.009828414554097201	0.046023349863803485
G000025205	-0.057214916585325536	-0.03742293229980586	0.014605115180298847
G000025305	-0.04167606612064382	-0.0157014949700895	-0.00045460876277938166
G000025565	0.0036059615306589855	0.05795857691650314	0.01760120038036319
G000025925	-0.053464529838873336	-0.014070035323312701	0.025674962235204397
G000026325	-0.03318490170330667	0.19485856825121425	-0.029051957518998785
G000026345	-0.035491038925985055	0.1982874833712708	-0.026050822496196467
G000144405	-0.09555416067955892	-0.012841384858435853	0.005573831078943702
G000144625	0.0014848472891080809	-0.005669755637396369	0.00540846296865527
G000146675	0.010166759354832012	-0.014614928403181536	0.008539674626089575
G000153905	0.0005053306243199262	-0.009291530159439735	0.012997231651788194
G000153925	0.012106222326051621	-0.013360248828714213	0.03580057725204047
G000154065	0.007666170105054843	-0.007838873128198294	0.03806396604478168
G000154205	0.036903708152871154	0.008830477699924058	-0.14061128439100215
G000154245	0.0005894165406709627	-0.0016719319006965273	0.014796702220272372
G000154285	0.014930014762381753	0.004398810237807001	0.0239020032311189
G000154305	0.012514030184307998	-0.005730023752058635	0.0489371270887806
G000154345	-0.002289164858071202	-0.017920318831520576	0.05491968226434874
G000154425	0.0106132030805018	-0.004576134240103554	0.0397810541956915
G000154465	0.014682390130899342	-0.0057759754931482965	-0.07531098593487855
G000154505	0.003475247132554503	0.011083142807511747	0.036228065149136124
G000154525	0.10214646545751255	-0.013626530444060477	-0.13069745822507636
G000154565	0.032201359389705246	0.023426913562351877	-0.037623510377594684
G000154845	0.09090647362556437	-0.01597153907903499	-0.10036709058210687
G000155205	0.017447111588338546	-0.01743817757759797	0.04040923152511028
G000155435	0.008817397763421574	-0.001312186446377066	0.002036726836363842
G000155875	0.00278525492637345	-0.012157276714843667	0.021089908994810995
G000156035	-0.0033106681098220713	-0.015494185664142322	-0.02658671666950798
G000156055	-0.024877929412097856	0.03516909246148628	-0.05146624864853324
G000156175	-0.014551567571645493	-0.02488261511677317	-0.03491073154263666
G000156215	-0.019494846944131693	-0.024212273466194405	-0.04712711666239898
G000156535	-0.02171820559709072	-0.027309024060267494	0.020986728586667797
G000156655	-0.01230710824473054	-0.007001084618284381	0.03925923725645786
G000156675	-0.014952046841833181	-0.011340370742129534	-0.017806530104091823
G000157915	0.028539558965032075	-0.018359729091044226	-0.09699795101123686
G000157935	-0.1486359265780049	-0.004202466696489659	-0.15323681078829565
G000157955	-0.0032666080560914625	-0.008761725452727522	0.009451977722880167
G000157975	-0.003043667619693445	-0.008953080727655851	0.03636297844871693
G000157995	0.006815140707493099	-0.002175413725509609	-0.0003954888318377548
G000158075	0.005322306658860171	-0.014236690541993929	0.0343921571471563
G000158195	0.1286098124114984	-0.00030242195625314333	-0.03121152305108463
G000158215	0.04452734961226295	-0.011503900650996943	0.02247617873525557
G000158275	0.04510192680988825	-0.0029581946351045153	0.02589699051444896
G000158295	0.023561190786392138	-0.00411537648288676	0.044563599484229874
G000158315	0.04489611301085681	-0.013541895255453277	-0.008484965863122118
G000158655	0.002316643887594136	-0.010157540001641032	0.02427554605231076
G000159055	-0.01372172480474511	-0.006431480545095652	-0.027432718528080803
G000159075	0.0327533886213841	0.008827295810651314	-0.06729963355404095
G000159155	-0.05457383946215278	-0.028765546332198477	0.030041535208692148
G000159995	0.018846263630342287	-0.008326272393537589	-0.013871241372362779
G000160095	0.018159788522423104	-0.0030559553829326252	-0.004381776298963985
G000160535	0.0080807693017695	-0.007331776889502444	0.029476092432530184
G000160655	-0.017131542311284356	7.165066443017217e-05	0.022570676993062467
G000162015	-0.017757436793830822	-0.002092898951916038	-0.03435806571872302
G000163515	0.010842454751575544	-0.01860602195766449	0.03026788446757663
G000164865	-0.0035180256314544375	0.01124242313559604	0.04324075739792432
G000165735	-0.06428192304705928	-0.006079689603163489	0.031509126953960936
G000165905	-0.06877495773103647	-0.03170283561873014	-0.06314023175667997
G000169035	-0.03918381485833575	-0.021934165449283928	-0.04407501449936869
G000169235	0.00502951194868548	-0.0012528967969479901	0.0110279411464526
G000169255	0.0032241873321817863	0.00749537126263189	0.009847525427791923
G000173795	0.0036173189256754434	-0.004460448600634924	0.022698290375878963
G000174195	0.007082748157509412	-0.0029122908561265218	-0.004048087985608242
G000174395	0.0025906609249934285	-0.04313634176743338	0.031141047982148114
G000177015	0.003187363765624969	-0.0014323965383356927	-0.03596356836816637
G000177075	0.03881528150316862	-0.0047576739830163094	-0.026376890933155317
G000177555	-0.0540633790822717	-0.009597832716951677	0.01813963600307388
G000179055	-0.05589566528176313	-0.01594490359222271	0.021364918611841834
G000183345	-0.0348300367358786	0.19967375341944144	-0.02639233774587115
G000185385	0.0028223466120485853	-0.010953749177041085	0.03539169932706567
G000185845	-0.00688805932684083	-0.005868303247852422	-0.004215835050013525
G000186425	-0.011697210378664202	-0.0006613592009918132	0.03735644237212091
G000187895	0.0892099141787194	-0.00012230873218918074	-0.13614245644986336
G000188175	-0.00013301258279305194	-0.014441871538504458	-0.017222740961734134
G000188195	0.014829575324761849	-0.013541684844684305	0.03891932755928542
G000189595	0.003986810377949243	-0.0033104094896521984	0.006406185946099375
G000190535	0.05750421855193493	0.003768616559677739	-0.02373370496254062
G000190575	0.05068077579184465	-0.007795195289663563	-0.03941506607321489
G000191065	-0.021662782240038578	-0.007791585643111298	-0.001357551064346671
G000195315	-0.01626460335007475	-0.02114244281109294	0.023552893592176306
G000195635	0.02438057690741622	-0.011844619513819453	-0.0645615717299048
G000195995	-0.02313399245786744	0.09648080973778007	0.03703615167596511
G000205165	0.036353254058657095	-0.0017852724234033754	-0.08471618274198096
G000209385	0.028934422880181398	-0.020747489850369987	0.04348039192140764
G000210055	-0.039921830118757336	-0.027840811023861992	-0.023146307112510946
G000210555	0.021906362439801694	-0.012970779719744172	0.03808282132598913
G000210575	0.028033316253672884	0.01184042194675247	-0.06907043577763546
G000210615	0.014133993384604939	-0.001241245393481066	0.032790424145660815
G000210635	-0.005722199290139051	-0.011507546758596344	0.04169561308493477
G000215745	0.00655061013188161	0.012480146514030606	0.033481359622902836
G000218235	-0.05051345551823728	0.004498873055457329	0.028022941277538408
G000220255	-0.007858355929382903	-0.013399880772636466	0.02113940385917055
G000221545	-0.06587763222582542	-0.007300708401876237	0.029387741121310696
G000225345	-0.005184739871706441	-0.005701393399092341	0.00923963698879615
G000225705	-0.016780982341512762	-0.021623549100343874	-0.019361553507557513
G000230275	-0.002375385339907763	-0.01169593145020865	0.023920783310165113
G000233455	0.010506369496005977	-0.004029167080111664	-0.012155679903692512
G000233535	-0.01614430080378321	-0.024692289206146058	0.01719515042263309
G000235885	0.011492775377435458	-0.015011225645944426	-0.09013484476568653
G000236865	-0.042096708626288254	-0.02894765421821428	-0.03646383249344067
G000238215	0.028756842888122944	-0.00283272642340717	0.025542228224353206
G000238795	-0.007079902426745128	-0.01813983254167133	0.03906813700286253
G000239355	-0.0012162901071807164	0.009346910763597808	0.044142201334290324
G000239695	-0.017339663332417227	-0.022308754349311146	0.009708526879307186
G000239955	0.016409541149192935	0.05298300936709039	-0.0028012104745968607
G000240185	-0.013035620864306091	0.07070836208364283	-0.0034745100322566493
G000242215	0.03131273992350088	-0.004788987805881161	0.03969394944005516
G000242235	-0.01774740271425196	-0.009691592413223676	0.03268475310449334
G000242335	-0.08784974831448744	-0.008203317542930752	-0.000645706775059466
G000243215	0.045643264766376715	-0.004943025304464723	-0.020048449434017575
G000245775	0.027278574849698128	-0.018187199507150874	-0.06523980846504425
G000247895	-0.0033198455692398893	0.02941170231609482	0.038230421970923696
G000250875	-0.01876975754902284	-0.04075771550877309	0.01729262467141511
G000262225	0.020230533362773168	-0.011295109669089858	0.03990569554965069
G000262545	-0.007065089444092685	-0.005461282676317265	-0.036931644091742315
G000265365	0.05217405049705932	-0.0014004160026735001	-0.04235705021851806
G000269805	0.0005211867891256374	0.005437976347930207	0.0360137988417926
G000277715	0.009005955645595538	0.0007840086713978106	0.03773093858906907
G000283495	-0.06950518357296784	-0.005206050924623225	0.005807206910932137
G000285455	-0.007476191263004842	-0.008337930533311121	0.013516728776305246
G000296465	0.05408363654986646	0.007101859718908485	-0.06949251043062935
G000296505	-0.036961688343080085	-0.029434513933477905	0.024848644749494
G000297775	-0.01509716275220197	-0.044200532518805326	0.021482968180894887
G000299455	-0.03699468327064815	0.19644861069410385	-0.03648096497863837
G000304215	-0.05753107014766791	-0.03795669280917276	0.014478272683804446
G000307375	0.027602427923176454	-0.013541121876070426	-0.10290981659491451
G000311845	-0.017291454627198766	-0.020533052155223823	0.006497381392864361
G000311925	0.038720846823812945	-0.0034796178923284004	-0.015788041036430507
G000312145	0.0028962948549380394	-0.008124582520705586	-0.02593672220208843
G000315485	0.03701290521589055	-0.004699608095184985	-0.06985804393820529
G000318135	0.004446267847907538	-0.00024500554612835995	0.026811196752410598
G000321165	-0.01950642896222357	-0.023887043947755607	-0.015680147166797113
G000321205	0.004837048835466389	-0.007305469935636821	0.03183676247781771
G000327285	0.011591234726030216	-0.00500922527612356	0.017907367886159133
G000337735	-0.01633113608350273	-0.026535238673856962	0.04867597701531456
G000337895	-0.013565109219247308	-0.02782768769951071	0.04864488511883997
G000347695	-0.06476416536939308	-0.03680599628398247	-0.013875022214367398
G000349975	0.031640165224538344	-0.041714740896365156	0.007324229751735521
G000371705	0.00754320473704308	-0.0023268617792774446	-0.01598430656466413
G000372405	0.02895008809628541	-0.0008074154786578874	-0.025684047894965093
G000373885	0.01146307871815449	0.017409851481675648	-0.009536139546546312
G000374405	0.040264626765986966	0.0026312427731584273	-0.018147396091984642
G000374585	0.06454102780859751	-0.0016662026946506177	-0.041633670836845445
G000376885	-0.051340377463889766	-0.03181186729926038	0.01698343545433093
G000378745	0.029200285762051657	-0.0014281538674745158	-0.008276395755605239
G000379965	-0.06135850968351854	-0.02799774921525574	0.01663258832748047
G000381365	0.12480173827002254	-0.005025162434898977	-0.07209381119361673
G000381725	0.018497272979144382	-0.012356594012943511	0.04354235429109399
G000398925	0.004455226267425249	-0.014681765887928359	-0.060862464563151586
G000403275	0.010459411752740625	-0.014081860242897539	0.05571816388381338
G000403295	0.013447420275120041	-0.017578053299533537	0.02126426030362225
G000403455	0.011517501663229695	-0.008906955478883398	0.03778813278748996
G000411515	-0.027861710195994666	-0.0386451161541621	0.009018859937618405
G000423385	0.012998933358854981	-0.018741523010796478	0.01363086560658168
G000425005	0.00566965669577398	-0.0023721929503558864	0.025969712171109712
G000426565	-0.09143445925027024	-0.0011155164211935171	0.009510661071246205
G000426585	0.024112868425145782	-0.0071916466465678985	-0.008290441310052543
G000427365	0.049161684581128844	0.0007701452165094828	-0.022550391769975777
G000428205	-0.005415369359833398	-0.008802864754138804	0.03972454064840893
G000428565	0.03041340066389183	-0.016084232432025915	-0.08716498690748166
G000430525	0.036993251083658044	0.0013159703936291242	-0.020861993048351388
G000431015	-0.04500192808681129	-0.007446350607800544	0.02063611413593098
G000431175	-0.0020456833225431692	-0.013106048533286016	0.036677054436896644
G000431495	-0.0036080909694803705	0.009026281169467765	0.04014263868444158
G000431915	-0.12816424467897014	-0.009564319756839103	-0.05107472079221815
G000431935	0.08126117878824622	-0.00951214647894535	0.029229301141333878
G000431995	-0.0017975348575494316	-0.01945869891934919	0.04225851213095636
G000432055	-0.0026425441361206084	0.006377284466338879	0.021026527203745326
G000432435	-0.008070231556673281	0.001261284121923031	0.025350265691478302
G000432615	-0.022114863510224216	-0.030358975580095413	0.026352743884270884
G000433375	0.09571843429013434	0.030660096943190662	-0.06115611950228242
G000433575	0.06607437465459824	0.003099678218070558	-0.0032334756434241815
G000433955	0.043126874778855434	0.01650918529928283	-0.09876930503916978
G000434095	0.05680804286867695	0.0016086717188154387	-9.479410752859604e-05
G000434135	-0.0008550692581487481	-0.050062991010010764	0.029508620803042025
G000434475	0.0068325254547063115	0.004214768300802188	0.04390993844469124
G000434515	-0.13176570951974564	-0.0036243855231493025	-0.05160485831999759
G000434535	-0.014112577705724792	-0.01415970208407805	0.0019349223052023577
G000434735	0.03623604717583669	-0.005427445268391164	-0.0010022665845388003
G000434855	0.014980357025426501	0.00739200047178994	-0.043206455434053374
G000434975	-0.08285810452867967	-0.0075000218751190275	-0.042882334369155145
G000435075	-0.003370312236328034	-0.005546141330365039	0.004153793936575246
G000435555	-0.014371135990552826	0.01921707945727784	0.025353302476019267
G000435635	0.0009709700825455887	-0.017939174050712513	0.002659219511622147
G000435735	0.02540530064643724	0.013126130925506813	0.002058307397733243
G000436035	-0.06393743078805303	-0.00396810423793286	-0.05250869011775011
G000436055	0.09553397225365344	0.010506323557805508	-0.0001543167595926395
G000436135	0.05245150859429832	-0.011304528819535909	-0.12821102857023212
G000436195	0.012155277714167044	0.0083516878182063	0.018202796491750703
G000436295	-0.00011522348064351982	-0.010808303856346397	0.014280784613116035
G000436395	0.007950564281683614	0.0033727951733062804	0.027244676053612568
G000436435	0.0365369338097503	0.006599449591102095	-0.0804339071419846
G000436695	0.035561085389591046	-0.009011204445228942	0.026815610421953965
G000436795	0.1136726106415702	0.004054863300243512	-0.005553530386849259
G000436855	0.0909981146535524	0.01423553585378852	-0.05488713346408076
G000436895	0.08466147537611199	0.008884176739394569	-0.0853589649111921
G000436915	-0.07081198815191002	-0.012428604261608982	0.00402505375655378
G000437535	-0.05873504982999599	-0.0007271475936661714	-0.019062249057250524
G000437675	-0.05527423483276946	-0.015790146280362852	-0.03923339131560597
G000437715	0.0017748128318129353	0.0028218221598287426	0.02483138312930561
G000437995	0.07251438385623624	0.004371496222048744	-0.0236008962481679
G000438035	0.0490644482837321	-0.00968994257327955	-0.14685573423500553
G000438395	0.13357058949957418	0.0021774825931658143	-0.08248725734889263
G000450985	0.006079416529320861	-0.02585807696853048	-0.050901836575239175
G000455225	-0.07562655531445618	-0.009459874518053954	0.021723950311600893
G000455445	0.0022723611990509616	-0.016783555754488057	-0.03250947613396278
G000463355	-0.02643504665182167	0.017176068107839105	0.04610562483332599
G000466245	0.014198204422088325	-0.0046962419572659	0.027417066787600426
G000466465	-0.0027225254368254026	-0.0033318537926061128	0.025128871527861793
G000466565	0.015759859060763437	-0.0059750633437681	0.02810376288206097
G000468755	-0.02110855047315875	-0.016156289190690645	0.033046521201327034
G000468855	-0.03369063906326742	-0.01989689425687776	0.03161629160146292
G000469445	0.027921680416629138	0.02533111935353969	-0.014864344048580889
G000478965	-0.05808652896056824	-0.0004884171724743231	0.034506346425221344
G000479045	0.036227210621790774	-0.0021756336058938066	0.027957321700047468
G000499785	0.043104432822509406	0.0022692144398804327	-0.020832243483259766
G000511775	0.036210686210685135	-0.014873693514982717	-0.01783362373578431
G000512915	0.04000567445633508	-0.004696553158347155	-0.031831967894528905
G000517545	0.08610657996191622	-0.002206434400715051	0.008101474475115257
G000519105	0.07144921554569243	-0.003997589133159525	-0.03775166991569296
G000524335	-0.020838486603598282	-0.022948493591516433	0.035198573289448844
G000526735	0.030724625608037702	-0.0043913918468820555	-0.08522638478383947
G000565075	-0.029391518363710074	-0.026308476393791108	0.02353321487703849
G000585355	-0.05295810630516768	-0.008516977003052406	0.015190484641143785
G000598465	0.025582024467988868	-0.00014468084938849685	-0.04413968410390729
G000598965	0.02771456386906026	-0.0013564528306257886	-0.04600989881040229
G000599385	0.03108172845219534	-0.01705395465199564	-0.08293758601143471
G000613345	0.025822425876639354	-0.003939267763010572	-0.015041326157482991
G000613525	-0.09480688194242486	0.0029005009227952897	0.006119324908413802
G000613785	-0.08304826065225537	-0.010011240904380202	0.019639344206453815
G000613805	0.05937746584593757	-0.013617003975937288	0.014154350000505543
G000613925	-0.05490452196633663	-0.022911686245251566	0.013818228543342815
G000613985	-0.06274487859403127	-0.02682843668451664	0.011372258819426264
G000614145	0.053845582595404715	-0.004225743114696695	-0.050880639731581835
G000621445	0.020409495780303162	-0.011018865280634579	0.04137175421821235
G000622245	0.027926613477035424	-0.013534256525212389	0.038941260994216964
G000648175	-0.012773825862242374	-0.02228338066903872	0.04915453819490743
G000648515	-0.02116086026589146	0.10710176733149386	0.029531807098890705
G000686565	0.0540526222981721	-0.04593670638712861	-0.055679658133424945
G000688375	-0.0030305651223391733	-0.017629815524200707	0.014633199426585834
G000691645	0.019120920982961895	-0.001403112042951631	0.044105649675969735
G000691665	0.011105243609961022	-0.011326720185589398	0.041415492510871225
G000691685	0.015872907494564516	-0.007431389060687167	0.04519157831813502
G000691725	0.018123897559683612	-0.002114118197075621	0.046810726960783734
G000691745	0.014669329011728193	-0.0077599081613144326	0.04330224552557315
G000694955	0.032298287851915485	0.09978409392729762	0.011724491684589949
G000701665	0.013025869156472598	0.009656188772206477	0.03804198433731976
G000701705	0.02664821485651481	0.01538791636227313	0.0056114478790573186
G000702025	-0.023690618080746566	-0.024578529355360947	0.02799504784681437
G000723745	0.004399988764444133	0.026059026445740038	0.03964269978312749
G000735365	0.0019840770455902745	0.03451736227178295	0.041194064796170625
G000735455	0.006957620382140628	-0.014261631190221323	0.04516530649326474
G000735515	0.0003573795077114022	0.024300961574272143	0.03468040679564044
G000737865	-0.05434519571614697	-0.03621761569421657	0.012708976634931342
G000738005	-0.05098815727988357	-0.03792677604635351	0.023470096434078526
G000741135	-0.07282850000533804	-0.036197199459806	-0.014917528566313744
G000741165	-0.08115892082230207	-0.03589215700710963	-0.07805800511740654
G000741175	-0.14419017621428468	-0.04636764191713916	-0.16517577560808333
G000741205	-0.06119470425620994	-0.034625967167435795	0.01371709283942462
G000741215	-0.06415524428920087	-0.036534502179428864	-0.04638132036313465
G000741255	-0.06862933145992688	-0.030666387382478136	0.015673499312306865
G000741285	-0.06282336065353	-0.037948020265361	0.0009534063928146408
G000741525	-0.058070837242401925	-0.03709161955982351	0.015176317314330792
G000741575	-0.0607337406381337	-0.03650081137442745	-0.01993057649909338
G000741645	-0.05985319005509918	-0.03979070938939343	0.0025922616839422962
G000741695	-0.0682921696847028	-0.04513061011365568	-0.1494436643940824
G000741705	-0.05692566382565927	-0.040115384635206384	0.01863348600439936
G000741715	-0.0720227370763092	-0.04284450064703324	-0.06112755113134207
G000741765	-0.05249355023473654	-0.04012359882450402	0.01198837189754523
G000741775	-0.05559417987854644	-0.034730511679360455	-0.0004373149521463874
G000741785	-0.10641205100775099	-0.03610281779296925	-0.12428929677083897
G000752675	-0.026715830411602384	-0.01960676386718163	0.008382881073622858
G000757785	-0.0033430653681847246	0.012638618540655058	0.04062609076878586
G000758925	0.026977305022463285	-0.002218631735379849	-0.02695131675995296
G000762865	-0.014768770816168243	-0.011560615479724893	-0.02501207367054289
G000763135	0.004256205205211971	-0.07286709840807243	-0.046419004072592904
G000763765	-0.01380266355842027	-0.02150761067918669	0.035701362258388054
G000765235	0.006821656166229706	6.850704037342909e-05	-0.0035213959122236114
G000767175	-0.046561682863174574	-0.00013146105375004706	-0.055435701490034836
G000768955	0.03869201376580076	-0.008588308857851445	0.0009904559117444491
G000775615	0.03668070744444556	-0.01502089942175285	0.03997940325153756
G000777575	-0.04059584770562542	0.17647071650484775	-0.013702678016510499
G000777875	-0.03904665843706179	0.17452455689415086	-0.001997506953934145
G000778805	-0.034873848010596294	0.15563989980439227	0.0013722376163165962
G000779535	-0.041209986501098146	0.17968886795025127	-0.014196093430222774
G000781475	-0.035048685086144525	0.18065861787186901	-0.011941899799441375
G000784965	-0.023678830289462143	0.11078192474114802	0.02585379910375104
G000785515	-0.013642646154320244	0.006473825584554084	0.03739481926352924
G000800475	-0.06066460621555179	-0.0364670587227267	-0.0035007246598958218
G000803105	0.03585693934716571	-0.010760313798202161	-0.0198346718155953
G000813025	-0.010961769667838355	-0.0013527842665464692	0.028442538556844983
G000814825	-0.017877890403288525	-0.018392805295946148	-0.005364156465846802
G000818035	-0.005810568587035779	-0.007105495956272272	0.03606854082220801
G000821265	-0.020467923890788636	-0.021763863970735327	-0.01088595118809058
G000832075	0.04546470920304504	0.04721068256226485	0.02667895516215978
G000834015	-0.06179687398787455	-0.004261875950705779	-0.025745072187456492
G000944155	0.005460914889577182	-0.013983472692607694	-0.008889116141987589
G000944855	-0.03482787903885435	0.20256456365056924	-0.02906706497409971
G000969835	0.048486433477120096	-0.008193352240657325	-0.007431106790303135
G000980235	0.007221178972104632	-0.010135647725756366	0.007616785441408572
G000980375	0.044160255566001325	-0.002726166050910904	0.031990450867852106
G000980495	0.02903591869881054	-0.017533205331456185	0.035518594892705924
G000980515	0.0065006198942278125	-0.001229827197981158	0.0333536599531335
G000980655	0.010970604649568786	0.007531379779320387	0.01870869547824553
G000982825	0.0004978503889102537	0.06206836069238835	0.04255640074998552
G001022135	-0.0032743942958432903	0.054037135650451276	0.04081583447075763
G001022195	-0.0009643139429844446	0.06972971617003317	0.028863744309110706
G001025155	-0.06408028475324581	-0.031420936972448785	-0.04247255042869275
G001025175	-0.06326220670202048	-0.03181640020005043	-0.058100016727191804
G001042595	-0.060900430161893754	-0.03157637312845094	-0.021487620031055355
G001042635	-0.07774641893625293	-0.03697705286601035	-0.07242450186120519
G001042695	-0.060093529878348706	-0.029357089199170436	0.032286960312339345
G001045675	-0.07639895381214913	-0.006382853226244952	0.022239457954229807
G001049915	-0.010403296569793243	-0.006955604751001196	0.04596146038067157
G001066585	0.011493922579815257	0.00937627474290837	0.0012051261079099504
G001244495	0.028506388997729233	0.010083466052047923	0.0040132795676461695
G001244995	0.008884377084323445	-8.470586565569446e-05	0.03389858272447344
G001262015	-0.06956960972295392	-0.012953208956121438	0.01020145905344814
G001263395	-0.06176331745829251	-0.03939409342465238	0.019335681992703843
G001267865	-0.008565611937485807	-0.04377451924529838	0.03171309755321342
G001275135	0.05072152712595881	-0.007447895845959547	-0.061595414800185336
G001280875	0.0019265807523114683	-0.017620509376453937	0.0361812233512721
G001283625	-0.032600863175112474	0.19759256144748633	-0.029726449153437213
G001304875	-0.028544931771402746	-0.016847121772641704	0.024651216913431813
G001305115	0.0002371612802873862	0.0009932614277085795	0.02505744636547677
G001305135	0.034407228725497695	0.03039591403808719	-0.018600419923881062
G001308145	0.012743999549354953	-0.00017351048545027884	-0.026771462143357475
G001312505	0.020762209837583506	-0.0040800976631158335	0.025954334580854704
G001314975	0.056349566909002356	0.004090435736216278	-0.05442636552517076
G001314995	0.025814979298146187	-0.003201194553640106	-0.08157430273681646
G001318345	0.03214207993309552	0.0020146891243229613	-0.05022169241652125
G001398415	-0.04605001200980703	0.03864361510977113	-0.015478715801132836
G001403595	0.046102741318110145	-0.015524847434781608	0.00013246895318588022
G001404335	0.009964151261294404	-0.007162114957946108	0.03306457600995843
G001404455	0.01477313960654866	-0.006042210570056432	0.018952042522060536
G001404695	-0.043217537660012705	-0.01702931868635371	-0.041028729430776296
G001405375	-0.002778088350412897	-0.01490550134669295	-0.019287324405569746
G001405615	0.01371129106436247	-0.004368115673337544	0.01475783853700702
G001406335	-1.4400973796604062e-05	-0.011109056723180424	0.012337557874733854
G001417815	-0.10880810355219504	-0.03647120065009886	-0.16841461666570604
G001436895	0.019674809452892444	0.04760468538900631	7.05734275362849e-05
G001444445	-0.034567352390792255	-0.007041728178200597	0.01852601876901621
G001454945	0.010935868964075845	-0.00012110665310947495	0.01461283838203084
G001457795	-0.03395704939589044	-0.019028447165005603	0.02531457018641274
G001481375	0.03650039539075859	0.004326372871155739	-0.00864868143602673
G001486665	0.0005298089615061092	-0.010797129552389442	0.025913854705418717
G001487125	0.029984170863205855	-0.004887511751261585	0.02269134719005772
G001494635	-0.025015618178432723	-0.021488681199260878	0.014773320189557944
G001512635	-0.06104752738582617	-0.034181401985319125	0.0278468344028973
G001543405	-0.04409293932941709	-0.015445052650673002	0.023299839671649846
G001552785	-0.03501971512719346	-0.025769676224794428	0.020757693315198344
G001553935	0.0037085477286326624	-0.022912240862709224	0.03267736015875665
G001558935	-0.012790213781991373	0.08170080059180705	0.04635055897071439
G001571285	-0.015023930047415772	0.06488785717041719	0.03335140343263165
G001584645	-0.016188631319435747	0.03559580809191432	0.04171333346101596
G001586165	-0.011887007157018861	0.03192119413453021	0.04605400020528356
G001683355	-0.061543270005197916	-0.017184881322138065	0.012216013165316593
G001688625	0.05110032816100846	0.025235197271388496	-0.09511760273838062
G001688965	0.0009739282076873698	-0.016979589280704487	0.0343379713999093
G001689425	-0.008644066309503321	-0.006071116407587964	0.0383538694364299
G001689655	0.020575216025950433	-0.0040399275120739965	0.009195234929111649
G001701255	0.06901011685051996	-0.00466550095588204	0.014087172058557371
G001701295	0.015877485362696966	0.0010153558501026297	0.04258551145573605
G001719865	-0.03777144143113837	0.05485526934222524	0.041707654839123635
G001854465	0.04110596894547536	-0.006669187725367373	0.03401938605499065
G001855385	-0.019760738411897207	0.02739433720081189	0.037067951620788034
G001884305	0.01679499606978246	0.045448682922190106	-0.0009536357953666944
G001899425	0.010459328303171775	-0.012243590561055869	0.04003637405686798
G001908775	-0.0034570522608419144	0.0007896520238687725	0.021704429048067794
G001915415	0.05356872550688373	-0.0018538483181221267	-0.0005187327034687504
G001915435	0.05270484476500193	-0.007392971384537763	-0.02844679850131464
G001915455	0.05077681013332539	-0.0004824472751972335	-0.06528730916420046
G001915495	0.09599765939845345	0.015123884001130568	-0.034732457205277796
G001915575	0.041763910613512645	0.015439835065664669	-0.005890525363166459
G001915615	0.029203268646671134	0.02760450844408477	-0.010182147599917016
G001915655	0.03696531613969829	0.006291109497195379	-0.017945219950357978
G001916495	-0.003818501047416608	-0.0033616053209811407	0.029166304649114683
G001916615	0.001619006375760937	-0.021438875122563154	0.024650802762807237
G001916865	-0.004176827543137461	-0.012591430985023199	0.0020648847598816896
G001917125	0.01240960572177771	0.004019495522958066	0.01650335222032187
G001917135	0.010461007614439227	-0.041157131314530554	0.030021489167426862
G001940855	0.03727616367457775	-0.02485180453034649	0.019487238621290648
G001940945	0.008401350846306445	0.010719670529448461	0.02691401422360838
G001941055	0.0391006902949965	0.057126692368709334	0.020616685948508465
G001941065	-0.014729261678740543	-0.007584837031664072	0.01800842467644692
G001941125	0.02237136230584788	-0.024775187550850626	0.035165549350473356
G001941225	0.03274310657850636	-0.013416911574088907	0.04212887729262005
G002032965	-0.027256861677083164	0.0710747764846873	0.03675412756584918
G002159555	0.03925172639974992	0.004861669008955857	0.01889902302416736
G002159625	-0.004626073110345119	-0.016929489158720654	-0.025607499187909867
G002159645	0.02369668097728046	-0.012691525500027237	-0.006711266839901153
G002159835	0.01144761317229364	-0.0030961589292579066	0.025978840827467802
G002160015	0.007260336656447825	-0.006119893223928887	0.04330606782329285
G002160025	-0.00016343266283396057	-0.0073978558645544845	0.01624357401110717
G002160065	-0.018291488101836693	-0.024428807866274552	-0.0010577192500401094
G002160525	0.013728784182976263	-0.005810272056762551	0.03907481706455251
G002160755	-0.013577133697499235	-0.009281906636014	0.011094293744680952
G002160895	-0.03299939249559208	-0.015004924624797182	-0.03077888591545783
G002160955	-0.005551871255158246	-0.008113819529906405	0.023693877994955637
G002161065	-0.010035297182380066	-0.012224648082431474	0.017050958674611615
G002161285	0.0048979731149630164	-0.007731142001592057	0.03204379948460381
G002251205	-0.064070652744072	-0.014925576591273101	-0.05681619648557925
G002251365	-0.021873886614417536	-0.01657494493673202	-0.03033227513408214
G002251435	-0.01786334135843573	-0.015228241820950018	-0.029804587367129265
G002259605	-0.061281406861963456	-0.03456721896989349	-0.003616034206956949
G002259685	-0.05351099005921731	-0.03522891727234495	-0.055503906840635164
G003014445	-0.006634799773789596	-0.006525119515181104	0.025470126123417456
G003072045	-0.02076415782777221	0.10292514607717713	0.03325844116318775
G003148945	0.012268748283246337	0.0008897785840365826	0.015460693911619137
G003150645	-0.014987210232276936	0.00022154462709079022	0.027927621624219395
G003265305	0.02319254787436522	-0.0145927799750521	0.03089578680931004
G003315635	-0.05223178215886163	-0.03882209528334329	0.00872922305252179
G003324125	-0.021248660681402104	-0.0034745897312410718	-0.021905893789278093
G003340315	-0.021889691263510636	-0.007957771875181784	0.018919708764488858
G003343915	-0.01785808617651938	-0.02119100336645957	0.024043346532179696
G003432035	-0.0019178475668436856	0.012798142543183857	0.017112278840713726
G003434045	0.008716013177510789	-0.001096415714467033	0.03940694652230827
G003435055	-0.0018639835722648883	-0.004016209309566924	0.03350216311841491
G003435925	0.007339541182003853	-0.007151547211637138	0.04265704790629667
G003438995	0.0662918322836224	-0.004142351645432395	0.008090055060719132
G003457795	0.016344963399059463	-0.008083393365423488	0.04822206084767894
G003458885	0.014064837715930525	-0.010441849017887968	0.035053375579338686
G003461285	0.012401399161806067	-0.003517527480184975	0.032460088399842504
G003467125	-0.07522995542123315	-0.000354557988850543	0.028232684131021108
G003467845	0.005618760916692824	-0.0014310177017439658	-0.003259353141050657
G003477885	-0.009755972548624436	-0.010492602639641167	0.03176259027715202
G003478165	-0.0004420394332078036	-0.02370756878842086	0.00408801822495993
G003478285	0.0054476486183600925	0.00147737416877179	0.0030290318703068784
G003478355	0.003164611185990538	-0.010968357501605434	-0.03706260886809586
G003479825	0.06016864793587912	-0.008572571105386723	-0.06769499400497078
G003479885	0.012641867311073484	0.0008709822469453705	0.034683413830164773
G003481355	0.013183641638132149	-0.021714308119814004	0.04167255699041254
G003481825	0.004795424065727574	-0.0024397133905353094	0.015692184010651568
G003481995	0.02089470202024946	-0.01166251334618234	0.03394542447235444
G003490145	0.009412926246226848	-0.00015220875272252624	0.015235847350792623
G003611805	0.001292247847810771	-0.008799412587030476	0.047156587216757695
G003762615	0.028555563669982104	-0.005437894280714584	0.012568327035072284
G003762715	0.03211517118601028	-0.006088333231813477	0.014655426720800923
G003762745	0.02592447008394857	-0.007942618072417487	-0.013530580087964308
G003762875	0.044691649880980615	-0.003660872335579073	0.02055355122502211
G004102775	0.03463752991607083	-0.0038538321872353637	-0.010914945757832903
G004102785	0.045389410684117316	-0.0017348801545663127	-0.03248800730305764
G004102805	0.017677461558253223	-0.008191191049812965	-0.014523091410546404
G004115465	0.029435347013176388	-0.005996508454920419	-0.015246681234745823
G004127505	-0.016895393168129273	0.05849825603911819	0.0400334939034241
G004341685	-0.03111351327207355	-0.02601030778387344	0.024490530324528442
G004552135	-0.009776986195217094	-0.011320299512547562	0.0013341264990472696
G004552795	0.03539466791084843	0.0068448279222017095	0.021583327249797946
G004553245	-0.0005138468466682085	-0.008033339787657925	-0.018437511526484648
G004553345	-0.07927738457032742	0.004121429664839669	-0.017761543440339297
G004553635	-0.005633725267379281	-0.015229463889952902	-0.048827027966403015
G004555055	0.02428101918776173	0.011280442704086355	0.007488453361610335
G004555765	0.0060511034995121	-0.0003533953949810547	0.025822814625515254
G004556045	0.002884376213194346	0.014751072417010284	0.04341207936995683
G004556245	0.0193403557639154	-0.028580416826452393	0.03575412918811908
G004556445	0.0019925167328790376	-0.03621206120401371	0.01788360044962373
G004556705	0.03433151739612385	-0.004862219022542695	0.020617036384027464
G004557065	-0.0011829966291750033	0.011637494031433129	0.03886378172947551
G004557245	0.028147812422737215	-0.009547867027273027	0.040469917861959546
G004557415	0.0014381375876104448	-0.01360364695675659	-0.03941867203461476
G004557545	-0.0050223433318777105	-0.0033358181834547114	0.03595467936895944
G004557565	-0.008521678859483444	-0.019931785686333706	0.02659868337637385
G004557655	-0.02996998437229244	0.05633811335448109	0.020470062258302793
G004558425	0.04412931750271085	-0.005634680000135651	-0.004632059795328287
G004558535	0.011018407356467912	-0.003869035742085198	0.022721938598347747
G004561075	0.03319504963658505	0.0019704464561498204	0.03535880799816998
G004561445	-0.05326434642282698	-0.018260948364839918	-0.03162982587052658
G004561455	-0.08582156019218619	-0.002169234737587075	-0.042945086304998624
G004562255	-0.03634000089589017	-0.018098228964337416	0.005542969227243818
G004562975	-0.022264256236352954	-0.02102496128983816	-0.01786147195907377
G004563195	-0.03591811150086302	0.0006502508866025167	-0.029863592986231664
G004563615	0.021612069320918505	0.004417185759292685	-0.012604563771343788
G004792655	0.017561810413904443	-0.004873571594038695	-0.0400842034003999
G004792675	0.010440662296903514	-0.004377788401604305	0.028781056275596618
G004793665	-0.042095223944378514	-0.01694838940182951	0.0006602481031678167
G004803695	0.05895263672612339	0.0020520257154237223	0.005524030593507629
G004803915	0.035664321687262114	-0.014026925437387906	0.004996765645538841
G005048345	6.310630776528349e-05	-0.0015767468939367835	0.02509942973090568
G007293315	-0.019155316926768483	0.045183382575299566	0.0381861778724657
G007559425	0.06475419467206057	-0.007950271229475527	-0.007059083654399794
G007581405	-0.00983458504467136	-0.010061303718191297	0.032427249541580876
G007896885	0.05987247256709729	-0.003668208987514655	0.031507434102316906
G007998125	-0.03271507073730247	0.19984327322281215	-0.0292830157992646
G008040105	0.01920319708569802	-0.015909224264670712	0.033685827111463756
G008273775	-0.03735129209105876	0.19376134968673359	-0.03622417707302696
G008667375	0.02910100627106634	-0.012778046207244459	-0.0014694943372920942
G008679325	0.04337397752030314	-0.00040580978296166385	-0.00943448554076648
G008698165	-0.11788064225703664	-0.06666741456151251	-0.12636732168462048
G009695875	-0.04232782938599001	-0.02207269561282065	0.02201218412295428
G009696045	0.016260136759672947	-0.0011215666954755696	0.002221092852109827
G009696485	-0.010137931544973942	-0.01067112138308116	0.031721601813191114
G009696565	0.014128179576941626	-0.011827303189403471	-0.01308468869478828
G009774765	-0.007480546451689896	-0.01917268279411746	0.02560132521797924
G009774865	0.040063922538220595	-0.013477372526968793	-0.03403398342136464
G009831105	0.004342859689192453	0.0030403988103887628	0.01599204096042626
G009929575	0.042034069200110886	0.004795685943180737	-0.014584179027489999
G009930375	0.00218224276121891	-0.017617065705409544	0.03517313146749621
G009937725	0.0023915951570129706	0.0015539386089025375	0.04152353713775077
G010367435	0.017778641676010204	-0.006654369218423532	0.04102868253964128
G010500965	0.05361993343864549	-0.004507866539938939	0.04233907170952411
G010537155	0.00904658728834038	0.0014401236063359105	0.008360777749155989
G010592515	-0.0046863278820966775	0.13013440120274739	0.021336901991767777
G010667615	-0.07144164804177557	-0.03477398544788293	-0.024158308639699606
G011959405	0.039590459582529124	-0.007822172135486874	-0.007066032346643324
G011959465	0.026044591745482026	-0.001553778163879862	0.039673338361469586
G011959565	0.014951563001575328	-0.015944412588333096	0.03325674576466771
G011960185	0.033335767247953146	-0.007195496409067888	-0.027409476558004898
G012102505	-0.03119127480924746	0.11497118285621653	0.027296899218048832
G012161415	-0.042267537311451865	0.17241703640775102	-0.0022188186836504765
G012357415	-0.03475409604818712	0.20013483594255052	-0.024800931348042222
G012932365	-0.07729708212015216	-0.039203910921491246	-0.0782538983133498
G900021155	0.03975959165699355	0.0022196885726657022	-0.016880675241821148
G900046475	-0.019720608295826864	-0.022329815525374178	-0.023303128731629964
G900066095	0.009043943827143623	-0.016921225097051254	0.024815067907844726
G900066135	-0.0008369422444606423	-0.014483695000428294	-0.00491455047633308
G900066255	0.017127965299818027	-0.009568016746880159	0.050352530947283806
G900066445	0.07447455071168578	-0.000863753366799081	-0.03256955217419053
G900066505	0.011285292263521363	-0.0011595462572175032	0.013077743377302505
G900066525	0.005317942661519376	-0.0031191375421446006	-0.01930644246572295
G900066545	0.020794932531011803	-0.019810954500886307	0.032903915683976846
G900066655	0.0420765075553766	-0.0071815028242574325	-0.07431365350974711
G900066885	-0.003959973673455359	-0.00024404284346442372	0.040063226326854266
G900079775	-0.014370445721465069	-0.009328674902265865	-0.09049099544474558
G900086585	0.006989753723019811	7.496444910962087e-06	-0.03680726380221956
G900091655	0.055454050585102395	0.0006013687427564116	-0.03784538038396644
G900091675	0.012336304787845065	-0.016623268320390596	0.021444283530463147
G900094885	-0.05959548402065247	-0.035726033116827365	0.01996502042636212
G900095865	-0.014981894893954677	-0.005686419561157853	0.033560331208193836
G900101655	-0.021705918417822014	-0.014776130909317101	0.0164539390864991
G900103315	-0.0026497911744039456	-0.029173113430605406	0.03160823596472478
G900103425	-0.09508513400898612	0.00019292304604117568	-0.03862624697002298
G900103535	-0.06949528282196187	-0.005962400960152946	0.03092287838614206
G900104585	0.056102753398630224	-0.008729938511578937	0.04788626613108504
G900104605	0.0386839042955148	-0.01670735776095883	0.02238099609061154
G900104615	0.06244834217257985	0.008745562533793754	0.006575921460186586
G900104675	0.0033725352900905482	-0.002784991682201682	0.007726257102591539
G900106785	-0.018454434099182473	-0.00700114308402328	-0.08920915437908364
G900106855	-0.03520761611921506	-0.022999721376997562	0.01918859934348105
G900108345	0.05634703286654854	-0.0004648807618003786	-0.07036658867397312
G900113155	-0.008263295091772614	-0.01576121556674445	0.022143136097849486
G900116045	0.030153818646582113	0.026749866391302595	-0.03975032472043402
G900119895	-0.020241874877656836	-0.02340347529524454	-0.03198956036755666
G900120005	0.0023366067944633495	-0.014803798375817403	0.04112459449664558
G900128475	0.008093933946829248	-0.008677778732852776	-0.10455058021547284
G900128485	0.015031477121798987	0.007904126742840321	-0.04704602816347924
G900128905	0.06242211986535268	-0.0001899140864140025	0.04708691250870668
G900142165	0.017543162349321958	-0.007938512951130782	0.03583469904789474
G900142265	-0.03212627868661396	-0.015365446069918826	-0.021269650566478095
G900142485	0.00854836655989937	-0.011602200434663364	0.018382206186880114
G900143685	-0.05781557481560353	-0.026954593520251702	-0.0469140470935847
G900148495	0.008768179043878143	0.002548141349521704	0.013482647386103497
G900155635	-0.019563518408180235	-0.018695752378577003	0.021407407938188835
G900167275	0.0320502869248558	-0.0055816769520686356	0.03757259002672479
G900169495	-0.03183802586439825	-0.009524868490530067	0.02273752914183235
G900169975	0.02439521975185925	0.0011629199912389836	-0.005197476365677353
G900176655	-0.03543519824952731	-0.02164770698356522	-0.03057063430281711
G900199495	0.006677913938342406	-0.00783055792684747	-0.001994371999749981
G900227605	-0.02339746393084239	0.14690889443326732	0.0057905177884514875
G900240225	0.0473546098552793	-0.00019997136095104362	-0.016736340461255727
G900291465	0.04704942113679847	-0.01125145932928175	-0.03463383296753768
G900292045	0.03784179444197364	-0.008979923643851742	0.042831160199927464
G900312975	-0.02558363342670187	-0.008304923285617357	0.014589294120957904
G900316315	-0.032052767977508514	-0.005627215050696085	0.030394566452010673
G900445225	0.02096572577482461	-0.043870610148076326	0.02103079486206716
G900538745	0.03540336546427808	-0.003148197843480592	0.014434373299108115
G900538765	0.01664552596294474	-0.012440178982862187	0.03009202552464109
G900539795	-0.061744304831616456	-0.00912689065392772	-0.05597559693214367
G900539925	-0.007109446671073461	-0.020298005140830407	0.04154090487417584
G900540205	0.04247443375424775	-0.0016883566838324711	0.03855719952355624
G900540535	0.02366321744159457	-0.01718591895521407	0.02669692026780107
G900541935	-0.006329330709907468	-0.012642207854343461	-0.0410431548198263
G900542815	0.016766116142266682	-0.002880710330491998	0.03302924652764849
G900543375	0.059928051421931826	-0.00119941966469666	0.011161632171834723
G900544565	-0.002865612064354545	-0.03695891538528899	0.0318836468124144
G900544945	0.011657293258858671	-0.006208467589027775	0.03614602970256333
G900545025	-0.004478901133509807	-0.020577998839632947	-0.018802395375907326
G900545585	-0.002104128542763693	-0.004297318590339007	0.037996719734780776
G900548875	0.07671447715262585	-0.000266867476544035	-0.015339927634101401
G900551515	0.04037085485057147	0.004121082680631246	0.007448769583305822
G900552255	0.03172050901850455	-0.007621197378297294	0.04025696976376677
G900552655	0.030224905533547015	-0.015917211820182863	0.0402267572612206
G900552765	0.012342310072014528	-0.0010073616958548766	0.033076099617461094
G900553625	0.03903878703139096	-0.013376122085742202	0.034265782682835984
G900604335	-0.004817336770768529	-0.004097801098538159	0.01781881841532891
G900604355	0.03564680844177134	-0.02033203564550421	-0.01763679027589556
G900606105	-0.03274816260945244	-0.020510827000835175	-0.043377532080568174
G900683765	-0.003410018489902602	-0.016257156828754445	-0.004748360519048541
G901212675	-0.09877425763534857	-0.022628893485282776	-0.056026584916475365
G902160675	0.0018022028640207177	0.07482368675007361	0.025674925572274233
G902167945	0.0003202802832568114	-0.007089292249581679	0.014907817945347786
G902167965	0.006973481140292951	-0.008167023428816506	-0.0006712207376713217
G902363025	0.0029316485207290443	-0.005022899874572298	-0.03697831583073089
G902363055	-0.028622444200650993	-0.014645322444250269	0.00679135872443195
G902363075	0.0019050926201661354	-0.004091521598027719	-0.010892519746337792
G902363425	0.056930971317361585	-0.004295819897385941	0.00418792927429238
G902363555	0.008137695658877172	-0.0021103099945141922	0.014712097731336608
G902363565	0.0024004369404193944	-0.0037455695357848065	-0.007239633768001586
G902363595	0.0013392022555266598	-0.0114103296350132	0.02877540836843959
G902363685	0.020598584401716535	-0.010826733086695867	0.02076041308178304
G902363725	0.027064811168579773	-0.011921066402708558	0.023163657323659863
G902364485	0.005768929575087239	-0.007017244933569908	0.008546368043878049
G902385285	0.004244036467506736	-0.01435894049324136	-0.08537274384057322
G902387315	0.026695415839804483	0.03172066804188702	-0.011614589080098381
G902501965	-0.02881257017479777	-0.022165603448452476	-0.03940392548647714
G902762555	0.02566911891664724	-0.0037064188784710684	0.04220584022810278
G902777695	0.00769896361058622	-0.018516567530077126	0.033740805994199055

Site	82	3
14577.EM.TP1	-0.08760516510519378	-0.05336342860143434	0.12876967744331383
14577.GK.TP1	0.12002724173412699	-0.020149325432638254	0.02129875411159904
14577.AB.TP1	0.14663989857130322	-0.1483597407609593	0.011510830484422474
14577.JR.TP1	0.017810978544006484	0.16214783454160553	-0.07891089684578631
14577.MA.TP11	-0.004235114370073551	0.1511979373364609	0.31767982238123255
14577.MA.TP1	-0.06449188152173951	0.22182991964737497	0.0280758696636843
14577.RC.TP1	0.11788739486333102	0.08207255046375031	0.03506945930562519
14577.TB.TP1	-0.13163540812421845	0.21499649267500479	-0.10338195073283905
14577.TK.TP1	-0.15307276556233765	0.1684172976005453	0.0009550257515780184
14577.GK.TP4	0.07797114243163533	-0.1285626515654878	-0.0017388406739560188
14577.EM.TP3	-0.14866473244804015	-0.05699309910077735	0.04257712956414654
14577.AB.TP2	0.014323625071981781	-0.16045684879146907	0.393638799440571
14577.EM.TP2	-0.2079659689189706	-0.18369330311058826	0.10993273441353717
14577.RC.TP2	0.13609607996507467	-0.01191551423126936	-0.0429922162855833
14577.TB.TP2	0.008483740517212755	0.1358404439427573	-0.02021858375204852
14577.TB.TP3	0.011261214419956964	-0.11179208885180626	-0.11515349530851779
14577.TK.TP3	0.06529282045848209	-0.0228037018750282	-0.10541892148172743
14577.EM.TP8	-0.1348805861921888	-0.10439895318565094	-0.1049552061595121
14577.GK.TP7	0.10768023590795467	-0.12696453182931844	-0.049895202908991
14577.EM.TP9	-0.1349172299361223	0.016639494480323123	-0.1532912337303751
14577.MA.TP8	0.05462077992240508	0.1546287782183744	-0.17526724058198884
14577.RC.TP5	-0.024285896113391037	0.015223692615739698	-0.07023717548974413
14577.EM.TP10	-0.16072008160589152	-0.08191314560947532	-0.07352627061754828
14577.EM.TP11	-0.05427580455323955	-0.1461775083603078	-0.0798600230231202
14577.EM.TP7	-0.16337287023014124	-0.11110489812783073	0.042004672453792545
14577.TB.TP9	-0.1655056139198687	0.04567958722170463	0.07039347008789372
14577.EM.TP5	-0.16068763160649444	-0.19012869248156727	0.02339922329232206
14577.GK.TP8	0.12513395137939398	-0.1102286231195946	-0.014731328692768058
14577.AB.TP9	-0.07105216620119116	-0.12648220312959516	-0.09670946082752148
14577.AB.TP8	-0.03247568720041727	-0.0365760952965509	-0.10646720049063887
14577.TK.TP7	-0.14886313891103167	-0.03621862303930359	-0.0071899121178365805
14577.TK.TP6	0.031040701017658844	-0.05890462085889657	-0.07837453672766619
14577.MA.TP9	0.05442630128447031	-0.07332665513038819	0.02718131826656466
14577.TB.TP7	-0.17231565663777978	0.07082551303967509	0.09611121860977583
14577.RC.TP3	0.12376927251170368	-0.1411132478551831	-0.035541414605246596
14577.AB.TP10	0.10533861101870792	-0.026163246845787493	0.011051939326815714
14577.GK.TP11	0.137106146909648	0.09476449631565832	0.11490350899153744
14577.AB.TP11	0.01269965157065246	0.21561120094473393	-0.005022322500876801
14577.JR.TP11	0.13265758733052288	-0.015720421815620025	-0.05315127922741734
14577.JR.TP2	0.0065881580784191264	-0.027691949904400995	0.02010892110273063
14577.TK.TP9	-0.12732792191826273	-0.17511935626627778	-0.04929261076304434
14577.TB.TP11	-0.09395321772333137	0.07885033819409264	-0.09082689429831298
14577.TK.TP11	0.10950885469886007	0.20210872098188665	-0.00215882732559803
14577.JR.TP9	0.10380069205451556	-0.13835426944725313	0.05762131347933086
14577.JR.TP7	0.07367122916125936	0.06736765670115029	0.20131083737232822
14577.GK.TP9	0.07294226466783917	-0.047618130124426415	-0.11789389422243272
14577.MA.TP6	0.016374359498351716	-0.03833026805805504	0.24893184530059972
14577.GK.TP10	0.14237549827813833	0.1007565098059641	0.04669522541777161
14577.JR.TP10	0.19892596252143652	-0.015585074301513928	0.12564788535858326
14577.RC.TP8	0.07061916175924388	-0.03269885855679073	-0.14237383934718578
14577.MA.TP10	0.06962248022094693	0.1306742062871356	0.017152971461676714
14577.TB.TP6	-0.19205226837694553	0.0734367276367844	0.07803387182671497
14577.RC.TP10	0.12875951523004392	0.17144452182165879	0.019441740375548192
14577.RC.TP11	0.06684676142998329	0.17376282192364934	0.05058233826149378
14577.GK.TP3	-0.109749539120223	-0.07480800499383533	-0.06350780184085618
14577.RC.TP9	0.03635429311569407	0.1435010142524023	-0.026272220769517428
14577.GK.TP5	0.07408780291441663	-0.11998127381604029	0.04522227186327229
14577.MA.TP4	0.04057968974065836	-0.09355335050720145	-0.10484441151069859
14577.AB.TP5	0.14882609332435037	-0.05616255314196429	-0.03938034231011635
14577.MA.TP5	0.13153095664745243	0.0076071601095402015	-0.06401331509055792
14577.MA.TP3	0.040472964724533086	0.13901830707464127	-0.13374140189639117
14577.RC.TP4	0.1019552213069834	-0.12986599252135395	0.04799672637594521
14577.RC.TP6	-0.03919538780439944	-0.021644092695948906	-0.06259844976970526
14577.AB.TP7	0.027136958119753033	-0.015300680401878734	0.041420980275517896
14577.TB.TP8	-0.20791662520412768	-0.06562799862623861	0.07124583070680159
14577.TB.TP10	-0.10903297760751637	-0.09646744697475385	-0.038412968726563655
14577.TK.TP8	-0.09693646570648501	0.03483650434234424	0.033391138481193634
14577.TK.TP10	-0.015580689816109746	0.05987646834358261	-0.1364572714450827
14577.TK.TP4	-0.1520237225984654	0.16061703729023014	-0.053980175759536266
14577.TK.TP5	-0.17486443153260722	0.029420632557221632	-0.10193493367330889
14577.EM.TP6	-0.08902142142924847	-0.04883103154189892	-0.0771344872976059
14577.AB.TP6	-0.10798218140416332	0.03374112814412582	0.43248852821140465
14577.EM.TP4	-0.039988314573097664	0.03514841626807721	0.083212411636132
14577.JR.TP3	-0.0009494672264456087	-0.09967363377675957	0.012226966785162195
14577.AB.TP3	0.13926341595845518	-0.05346091783588061	-0.05498577864653798
14577.GK.TP2	0.08399076869292807	-0.030724283143434936	-0.129291763477207
14577.JR.TP6	0.17046318136874472	-0.12080789699092255	0.05797106405497525
14577.MA.TP2	-0.11707131607575538	0.09483054285994999	-0.10882665954641699
14577.AB.TP4	0.11640331811215111	-0.032461414812159556	-0.06757314895623676
14577.GK.TP6	0.09592060908737073	0.17433612299300033	0.11337179307099436
14577.RC.TP7	0.08147121767274	-0.0029687470265325954	-0.00038258924791519105
14577.TB.TP5	-0.05408945653998255	0.1600383178409048	-0.04070961630405431

Biplot	0	0

Site constraints	0	0
