Species	Axis1_63.0	Axis2_33.6	Axis3_3.4
G000006865	0.039458197	0.015952302	0.013048002
G000006925	-0.035628209	0.199582502	-0.025685157
G000007145	0.027401808	-0.008958959	-0.017051345
G000007325	0.049881846	-0.014364899	0.030158709
G000007525	-0.05869427	-0.026703179	-0.075081826
G000007785	-0.013480254	-0.018011755	0.059445287
G000008865	-0.034820497	0.199823164	-0.028134662
G000009925	0.027181263	-0.015016871	-0.097353706
G000010425	-0.053640622	-0.021492058	-0.052836157
G000011065	0.036981638	-0.006972602	-0.081948185
G000012005	-0.03416927	0.199190529	-0.021311856
G000012825	0.0487558	-0.010035335	-0.152937039
G000012845	0.09979564	0.007437753	-0.096622624
G000013285	-0.015881335	-0.013736361	0.021458285
G000014205	0.003795933	0.005170119	0.029671194
G000020225	0.001786737	0.016097288	0.026102984
G000020605	-0.002995531	-0.010072268	0.014243479
G000022965	-0.062359175	-0.036079702	-0.000183661
G000024945	-0.015040135	0.009828415	0.04602335
G000025205	-0.057214917	-0.037422932	0.014605115
G000025305	-0.041676066	-0.015701495	-0.000454609
G000025565	0.003605962	0.057958577	0.0176012
G000025925	-0.05346453	-0.014070035	0.025674962
G000026325	-0.033184902	0.194858568	-0.029051958
G000026345	-0.035491039	0.198287483	-0.026050822
G000144405	-0.095554161	-0.012841385	0.005573831
G000144625	0.001484847	-0.005669756	0.005408463
G000146675	0.010166759	-0.014614928	0.008539675
G000153905	0.000505331	-0.00929153	0.012997232
G000153925	0.012106222	-0.013360249	0.035800577
G000154065	0.00766617	-0.007838873	0.038063966
G000154205	0.036903708	0.008830478	-0.140611284
G000154245	0.000589417	-0.001671932	0.014796702
G000154285	0.014930015	0.00439881	0.023902003
G000154305	0.01251403	-0.005730024	0.048937127
G000154345	-0.002289165	-0.017920319	0.054919682
G000154425	0.010613203	-0.004576134	0.039781054
G000154465	0.01468239	-0.005775975	-0.075310986
G000154505	0.003475247	0.011083143	0.036228065
G000154525	0.102146465	-0.01362653	-0.130697458
G000154565	0.032201359	0.023426914	-0.03762351
G000154845	0.090906474	-0.015971539	-0.100367091
G000155205	0.017447112	-0.017438178	0.040409232
G000155435	0.008817398	-0.001312186	0.002036727
G000155875	0.002785255	-0.012157277	0.021089909
G000156035	-0.003310668	-0.015494186	-0.026586717
G000156055	-0.024877929	0.035169092	-0.051466249
G000156175	-0.014551568	-0.024882615	-0.034910732
G000156215	-0.019494847	-0.024212273	-0.047127117
G000156535	-0.021718206	-0.027309024	0.020986729
G000156655	-0.012307108	-0.007001085	0.039259237
G000156675	-0.014952047	-0.011340371	-0.01780653
G000157915	0.028539559	-0.018359729	-0.096997951
G000157935	-0.148635927	-0.004202467	-0.153236811
G000157955	-0.003266608	-0.008761725	0.009451978
G000157975	-0.003043668	-0.008953081	0.036362978
G000157995	0.006815141	-0.002175414	-0.000395489
G000158075	0.005322307	-0.014236691	0.034392157
G000158195	0.128609812	-0.000302422	-0.031211523
G000158215	0.04452735	-0.011503901	0.022476179
G000158275	0.045101927	-0.002958195	0.025896991
G000158295	0.023561191	-0.004115376	0.044563599
G000158315	0.044896113	-0.013541895	-0.008484966
G000158655	0.002316644	-0.01015754	0.024275546
G000159055	-0.013721725	-0.006431481	-0.027432719
G000159075	0.032753389	0.008827296	-0.067299634
G000159155	-0.054573839	-0.028765546	0.030041535
G000159995	0.018846264	-0.008326272	-0.013871241
G000160095	0.018159789	-0.003055955	-0.004381776
G000160535	0.008080769	-0.007331777	0.029476092
G000160655	-0.017131542	7.17E-05	0.022570677
G000162015	-0.017757437	-0.002092899	-0.034358066
G000163515	0.010842455	-0.018606022	0.030267884
G000164865	-0.003518026	0.011242423	0.043240757
G000165735	-0.064281923	-0.00607969	0.031509127
G000165905	-0.068774958	-0.031702836	-0.063140232
G000169035	-0.039183815	-0.021934165	-0.044075014
G000169235	0.005029512	-0.001252897	0.011027941
G000169255	0.003224187	0.007495371	0.009847525
G000173795	0.003617319	-0.004460449	0.02269829
G000174195	0.007082748	-0.002912291	-0.004048088
G000174395	0.002590661	-0.043136342	0.031141048
G000177015	0.003187364	-0.001432397	-0.035963568
G000177075	0.038815282	-0.004757674	-0.026376891
G000177555	-0.054063379	-0.009597833	0.018139636
G000179055	-0.055895665	-0.015944904	0.021364919
G000183345	-0.034830037	0.199673753	-0.026392338
G000185385	0.002822347	-0.010953749	0.035391699
G000185845	-0.006888059	-0.005868303	-0.004215835
G000186425	-0.01169721	-0.000661359	0.037356442
G000187895	0.089209914	-0.000122309	-0.136142456
G000188175	-0.000133013	-0.014441872	-0.017222741
G000188195	0.014829575	-0.013541685	0.038919328
G000189595	0.00398681	-0.003310409	0.006406186
G000190535	0.057504219	0.003768617	-0.023733705
G000190575	0.050680776	-0.007795195	-0.039415066
G000191065	-0.021662782	-0.007791586	-0.001357551
G000195315	-0.016264603	-0.021142443	0.023552894
G000195635	0.024380577	-0.01184462	-0.064561572
G000195995	-0.023133992	0.09648081	0.037036152
G000205165	0.036353254	-0.001785272	-0.084716183
G000209385	0.028934423	-0.02074749	0.043480392
G000210055	-0.03992183	-0.027840811	-0.023146307
G000210555	0.021906362	-0.01297078	0.038082821
G000210575	0.028033316	0.011840422	-0.069070436
G000210615	0.014133993	-0.001241245	0.032790424
G000210635	-0.005722199	-0.011507547	0.041695613
G000215745	0.00655061	0.012480147	0.03348136
G000218235	-0.050513456	0.004498873	0.028022941
G000220255	-0.007858356	-0.013399881	0.021139404
G000221545	-0.065877632	-0.007300708	0.029387741
G000225345	-0.00518474	-0.005701393	0.009239637
G000225705	-0.016780982	-0.021623549	-0.019361554
G000230275	-0.002375385	-0.011695931	0.023920783
G000233455	0.010506369	-0.004029167	-0.01215568
G000233535	-0.016144301	-0.024692289	0.01719515
G000235885	0.011492775	-0.015011226	-0.090134845
G000236865	-0.042096709	-0.028947654	-0.036463832
G000238215	0.028756843	-0.002832726	0.025542228
G000238795	-0.007079902	-0.018139833	0.039068137
G000239355	-0.00121629	0.009346911	0.044142201
G000239695	-0.017339663	-0.022308754	0.009708527
G000239955	0.016409541	0.052983009	-0.00280121
G000240185	-0.013035621	0.070708362	-0.00347451
G000242215	0.03131274	-0.004788988	0.039693949
G000242235	-0.017747403	-0.009691592	0.032684753
G000242335	-0.087849748	-0.008203318	-0.000645707
G000243215	0.045643265	-0.004943025	-0.020048449
G000245775	0.027278575	-0.0181872	-0.065239808
G000247895	-0.003319846	0.029411702	0.038230422
G000250875	-0.018769758	-0.040757716	0.017292625
G000262225	0.020230533	-0.01129511	0.039905696
G000262545	-0.007065089	-0.005461283	-0.036931644
G000265365	0.05217405	-0.001400416	-0.04235705
G000269805	0.000521187	0.005437976	0.036013799
G000277715	0.009005956	0.000784009	0.037730939
G000283495	-0.069505184	-0.005206051	0.005807207
G000285455	-0.007476191	-0.008337931	0.013516729
G000296465	0.054083637	0.00710186	-0.06949251
G000296505	-0.036961688	-0.029434514	0.024848645
G000297775	-0.015097163	-0.044200533	0.021482968
G000299455	-0.036994683	0.196448611	-0.036480965
G000304215	-0.05753107	-0.037956693	0.014478273
G000307375	0.027602428	-0.013541122	-0.102909817
G000311845	-0.017291455	-0.020533052	0.006497381
G000311925	0.038720847	-0.003479618	-0.015788041
G000312145	0.002896295	-0.008124583	-0.025936722
G000315485	0.037012905	-0.004699608	-0.069858044
G000318135	0.004446268	-0.000245006	0.026811197
G000321165	-0.019506429	-0.023887044	-0.015680147
G000321205	0.004837049	-0.00730547	0.031836762
G000327285	0.011591235	-0.005009225	0.017907368
G000337735	-0.016331136	-0.026535239	0.048675977
G000337895	-0.013565109	-0.027827688	0.048644885
G000347695	-0.064764165	-0.036805996	-0.013875022
G000349975	0.031640165	-0.041714741	0.00732423
G000371705	0.007543205	-0.002326862	-0.015984307
G000372405	0.028950088	-0.000807415	-0.025684048
G000373885	0.011463079	0.017409851	-0.00953614
G000374405	0.040264627	0.002631243	-0.018147396
G000374585	0.064541028	-0.001666203	-0.041633671
G000376885	-0.051340377	-0.031811867	0.016983435
G000378745	0.029200286	-0.001428154	-0.008276396
G000379965	-0.06135851	-0.027997749	0.016632588
G000381365	0.124801738	-0.005025162	-0.072093811
G000381725	0.018497273	-0.012356594	0.043542354
G000398925	0.004455226	-0.014681766	-0.060862465
G000403275	0.010459412	-0.01408186	0.055718164
G000403295	0.01344742	-0.017578053	0.02126426
G000403455	0.011517502	-0.008906955	0.037788133
G000411515	-0.02786171	-0.038645116	0.00901886
G000423385	0.012998933	-0.018741523	0.013630866
G000425005	0.005669657	-0.002372193	0.025969712
G000426565	-0.091434459	-0.001115516	0.009510661
G000426585	0.024112868	-0.007191647	-0.008290441
G000427365	0.049161685	0.000770145	-0.022550392
G000428205	-0.005415369	-0.008802865	0.039724541
G000428565	0.030413401	-0.016084232	-0.087164987
G000430525	0.036993251	0.00131597	-0.020861993
G000431015	-0.045001928	-0.007446351	0.020636114
G000431175	-0.002045683	-0.013106049	0.036677054
G000431495	-0.003608091	0.009026281	0.040142639
G000431915	-0.128164245	-0.00956432	-0.051074721
G000431935	0.081261179	-0.009512146	0.029229301
G000431995	-0.001797535	-0.019458699	0.042258512
G000432055	-0.002642544	0.006377284	0.021026527
G000432435	-0.008070232	0.001261284	0.025350266
G000432615	-0.022114864	-0.030358976	0.026352744
G000433375	0.095718434	0.030660097	-0.06115612
G000433575	0.066074375	0.003099678	-0.003233476
G000433955	0.043126875	0.016509185	-0.098769305
G000434095	0.056808043	0.001608672	-9.48E-05
G000434135	-0.000855069	-0.050062991	0.029508621
G000434475	0.006832525	0.004214768	0.043909938
G000434515	-0.13176571	-0.003624386	-0.051604858
G000434535	-0.014112578	-0.014159702	0.001934922
G000434735	0.036236047	-0.005427445	-0.001002267
G000434855	0.014980357	0.007392	-0.043206455
G000434975	-0.082858105	-0.007500022	-0.042882334
G000435075	-0.003370312	-0.005546141	0.004153794
G000435555	-0.014371136	0.019217079	0.025353302
G000435635	0.00097097	-0.017939174	0.00265922
G000435735	0.025405301	0.013126131	0.002058307
G000436035	-0.063937431	-0.003968104	-0.05250869
G000436055	0.095533972	0.010506324	-0.000154317
G000436135	0.052451509	-0.011304529	-0.128211029
G000436195	0.012155278	0.008351688	0.018202796
G000436295	-0.000115223	-0.010808304	0.014280785
G000436395	0.007950564	0.003372795	0.027244676
G000436435	0.036536934	0.00659945	-0.080433907
G000436695	0.035561085	-0.009011204	0.02681561
G000436795	0.113672611	0.004054863	-0.00555353
G000436855	0.090998115	0.014235536	-0.054887133
G000436895	0.084661475	0.008884177	-0.085358965
G000436915	-0.070811988	-0.012428604	0.004025054
G000437535	-0.05873505	-0.000727148	-0.019062249
G000437675	-0.055274235	-0.015790146	-0.039233391
G000437715	0.001774813	0.002821822	0.024831383
G000437995	0.072514384	0.004371496	-0.023600896
G000438035	0.049064448	-0.009689943	-0.146855734
G000438395	0.133570589	0.002177483	-0.082487257
G000450985	0.006079417	-0.025858077	-0.050901837
G000455225	-0.075626555	-0.009459875	0.02172395
G000455445	0.002272361	-0.016783556	-0.032509476
G000463355	-0.026435047	0.017176068	0.046105625
G000466245	0.014198204	-0.004696242	0.027417067
G000466465	-0.002722525	-0.003331854	0.025128872
G000466565	0.015759859	-0.005975063	0.028103763
G000468755	-0.02110855	-0.016156289	0.033046521
G000468855	-0.033690639	-0.019896894	0.031616292
G000469445	0.02792168	0.025331119	-0.014864344
G000478965	-0.058086529	-0.000488417	0.034506346
G000479045	0.036227211	-0.002175634	0.027957322
G000499785	0.043104433	0.002269214	-0.020832243
G000511775	0.036210686	-0.014873694	-0.017833624
G000512915	0.040005674	-0.004696553	-0.031831968
G000517545	0.08610658	-0.002206434	0.008101474
G000519105	0.071449216	-0.003997589	-0.03775167
G000524335	-0.020838487	-0.022948494	0.035198573
G000526735	0.030724626	-0.004391392	-0.085226385
G000565075	-0.029391518	-0.026308476	0.023533215
G000585355	-0.052958106	-0.008516977	0.015190485
G000598465	0.025582024	-0.000144681	-0.044139684
G000598965	0.027714564	-0.001356453	-0.046009899
G000599385	0.031081728	-0.017053955	-0.082937586
G000613345	0.025822426	-0.003939268	-0.015041326
G000613525	-0.094806882	0.002900501	0.006119325
G000613785	-0.083048261	-0.010011241	0.019639344
G000613805	0.059377466	-0.013617004	0.01415435
G000613925	-0.054904522	-0.022911686	0.013818229
G000613985	-0.062744879	-0.026828437	0.011372259
G000614145	0.053845583	-0.004225743	-0.05088064
G000621445	0.020409496	-0.011018865	0.041371754
G000622245	0.027926613	-0.013534257	0.038941261
G000648175	-0.012773826	-0.022283381	0.049154538
G000648515	-0.02116086	0.107101767	0.029531807
G000686565	0.054052622	-0.045936706	-0.055679658
G000688375	-0.003030565	-0.017629816	0.014633199
G000691645	0.019120921	-0.001403112	0.04410565
G000691665	0.011105244	-0.01132672	0.041415493
G000691685	0.015872907	-0.007431389	0.045191578
G000691725	0.018123898	-0.002114118	0.046810727
G000691745	0.014669329	-0.007759908	0.043302246
G000694955	0.032298288	0.099784094	0.011724492
G000701665	0.013025869	0.009656189	0.038041984
G000701705	0.026648215	0.015387916	0.005611448
G000702025	-0.023690618	-0.024578529	0.027995048
G000723745	0.004399989	0.026059026	0.0396427
G000735365	0.001984077	0.034517362	0.041194065
G000735455	0.00695762	-0.014261631	0.045165306
G000735515	0.00035738	0.024300962	0.034680407
G000737865	-0.054345196	-0.036217616	0.012708977
G000738005	-0.050988157	-0.037926776	0.023470096
G000741135	-0.0728285	-0.036197199	-0.014917529
G000741165	-0.081158921	-0.035892157	-0.078058005
G000741175	-0.144190176	-0.046367642	-0.165175776
G000741205	-0.061194704	-0.034625967	0.013717093
G000741215	-0.064155244	-0.036534502	-0.04638132
G000741255	-0.068629331	-0.030666387	0.015673499
G000741285	-0.062823361	-0.03794802	0.000953406
G000741525	-0.058070837	-0.03709162	0.015176317
G000741575	-0.060733741	-0.036500811	-0.019930576
G000741645	-0.05985319	-0.039790709	0.002592262
G000741695	-0.06829217	-0.04513061	-0.149443664
G000741705	-0.056925664	-0.040115385	0.018633486
G000741715	-0.072022737	-0.042844501	-0.061127551
G000741765	-0.05249355	-0.040123599	0.011988372
G000741775	-0.05559418	-0.034730512	-0.000437315
G000741785	-0.106412051	-0.036102818	-0.124289297
G000752675	-0.02671583	-0.019606764	0.008382881
G000757785	-0.003343065	0.012638619	0.040626091
G000758925	0.026977305	-0.002218632	-0.026951317
G000762865	-0.014768771	-0.011560615	-0.025012074
G000763135	0.004256205	-0.072867098	-0.046419004
G000763765	-0.013802664	-0.021507611	0.035701362
G000765235	0.006821656	6.85E-05	-0.003521396
G000767175	-0.046561683	-0.000131461	-0.055435701
G000768955	0.038692014	-0.008588309	0.000990456
G000775615	0.036680707	-0.015020899	0.039979403
G000777575	-0.040595848	0.176470717	-0.013702678
G000777875	-0.039046658	0.174524557	-0.001997507
G000778805	-0.034873848	0.1556399	0.001372238
G000779535	-0.041209987	0.179688868	-0.014196093
G000781475	-0.035048685	0.180658618	-0.0119419
G000784965	-0.02367883	0.110781925	0.025853799
G000785515	-0.013642646	0.006473826	0.037394819
G000800475	-0.060664606	-0.036467059	-0.003500725
G000803105	0.035856939	-0.010760314	-0.019834672
G000813025	-0.01096177	-0.001352784	0.028442539
G000814825	-0.01787789	-0.018392805	-0.005364156
G000818035	-0.005810569	-0.007105496	0.036068541
G000821265	-0.020467924	-0.021763864	-0.010885951
G000832075	0.045464709	0.047210683	0.026678955
G000834015	-0.061796874	-0.004261876	-0.025745072
G000944155	0.005460915	-0.013983473	-0.008889116
G000944855	-0.034827879	0.202564564	-0.029067065
G000969835	0.048486433	-0.008193352	-0.007431107
G000980235	0.007221179	-0.010135648	0.007616785
G000980375	0.044160256	-0.002726166	0.031990451
G000980495	0.029035919	-0.017533205	0.035518595
G000980515	0.00650062	-0.001229827	0.03335366
G000980655	0.010970605	0.00753138	0.018708695
G000982825	0.00049785	0.062068361	0.042556401
G001022135	-0.003274394	0.054037136	0.040815834
G001022195	-0.000964314	0.069729716	0.028863744
G001025155	-0.064080285	-0.031420937	-0.04247255
G001025175	-0.063262207	-0.0318164	-0.058100017
G001042595	-0.06090043	-0.031576373	-0.02148762
G001042635	-0.077746419	-0.036977053	-0.072424502
G001042695	-0.06009353	-0.029357089	0.03228696
G001045675	-0.076398954	-0.006382853	0.022239458
G001049915	-0.010403297	-0.006955605	0.04596146
G001066585	0.011493923	0.009376275	0.001205126
G001244495	0.028506389	0.010083466	0.00401328
G001244995	0.008884377	-8.47E-05	0.033898583
G001262015	-0.06956961	-0.012953209	0.010201459
G001263395	-0.061763317	-0.039394093	0.019335682
G001267865	-0.008565612	-0.043774519	0.031713098
G001275135	0.050721527	-0.007447896	-0.061595415
G001280875	0.001926581	-0.017620509	0.036181223
G001283625	-0.032600863	0.197592561	-0.029726449
G001304875	-0.028544932	-0.016847122	0.024651217
G001305115	0.000237161	0.000993261	0.025057446
G001305135	0.034407229	0.030395914	-0.01860042
G001308145	0.012744	-0.00017351	-0.026771462
G001312505	0.02076221	-0.004080098	0.025954335
G001314975	0.056349567	0.004090436	-0.054426366
G001314995	0.025814979	-0.003201195	-0.081574303
G001318345	0.03214208	0.002014689	-0.050221692
G001398415	-0.046050012	0.038643615	-0.015478716
G001403595	0.046102741	-0.015524847	0.000132469
G001404335	0.009964151	-0.007162115	0.033064576
G001404455	0.01477314	-0.006042211	0.018952043
G001404695	-0.043217538	-0.017029319	-0.041028729
G001405375	-0.002778088	-0.014905501	-0.019287324
G001405615	0.013711291	-0.004368116	0.014757839
G001406335	-1.44E-05	-0.011109057	0.012337558
G001417815	-0.108808104	-0.036471201	-0.168414617
G001436895	0.019674809	0.047604685	7.06E-05
G001444445	-0.034567352	-0.007041728	0.018526019
G001454945	0.010935869	-0.000121107	0.014612838
G001457795	-0.033957049	-0.019028447	0.02531457
G001481375	0.036500395	0.004326373	-0.008648681
G001486665	0.000529809	-0.01079713	0.025913855
G001487125	0.029984171	-0.004887512	0.022691347
G001494635	-0.025015618	-0.021488681	0.01477332
G001512635	-0.061047527	-0.034181402	0.027846834
G001543405	-0.044092939	-0.015445053	0.02329984
G001552785	-0.035019715	-0.025769676	0.020757693
G001553935	0.003708548	-0.022912241	0.03267736
G001558935	-0.012790214	0.081700801	0.046350559
G001571285	-0.01502393	0.064887857	0.033351403
G001584645	-0.016188631	0.035595808	0.041713333
G001586165	-0.011887007	0.031921194	0.046054
G001683355	-0.06154327	-0.017184881	0.012216013
G001688625	0.051100328	0.025235197	-0.095117603
G001688965	0.000973928	-0.016979589	0.034337971
G001689425	-0.008644066	-0.006071116	0.038353869
G001689655	0.020575216	-0.004039928	0.009195235
G001701255	0.069010117	-0.004665501	0.014087172
G001701295	0.015877485	0.001015356	0.042585511
G001719865	-0.037771441	0.054855269	0.041707655
G001854465	0.041105969	-0.006669188	0.034019386
G001855385	-0.019760738	0.027394337	0.037067952
G001884305	0.016794996	0.045448683	-0.000953636
G001899425	0.010459328	-0.012243591	0.040036374
G001908775	-0.003457052	0.000789652	0.021704429
G001915415	0.053568726	-0.001853848	-0.000518733
G001915435	0.052704845	-0.007392971	-0.028446799
G001915455	0.05077681	-0.000482447	-0.065287309
G001915495	0.095997659	0.015123884	-0.034732457
G001915575	0.041763911	0.015439835	-0.005890525
G001915615	0.029203269	0.027604508	-0.010182148
G001915655	0.036965316	0.006291109	-0.01794522
G001916495	-0.003818501	-0.003361605	0.029166305
G001916615	0.001619006	-0.021438875	0.024650803
G001916865	-0.004176828	-0.012591431	0.002064885
G001917125	0.012409606	0.004019496	0.016503352
G001917135	0.010461008	-0.041157131	0.030021489
G001940855	0.037276164	-0.024851805	0.019487239
G001940945	0.008401351	0.010719671	0.026914014
G001941055	0.03910069	0.057126692	0.020616686
G001941065	-0.014729262	-0.007584837	0.018008425
G001941125	0.022371362	-0.024775188	0.035165549
G001941225	0.032743107	-0.013416912	0.042128877
G002032965	-0.027256862	0.071074776	0.036754128
G002159555	0.039251726	0.004861669	0.018899023
G002159625	-0.004626073	-0.016929489	-0.025607499
G002159645	0.023696681	-0.012691526	-0.006711267
G002159835	0.011447613	-0.003096159	0.025978841
G002160015	0.007260337	-0.006119893	0.043306068
G002160025	-0.000163433	-0.007397856	0.016243574
G002160065	-0.018291488	-0.024428808	-0.001057719
G002160525	0.013728784	-0.005810272	0.039074817
G002160755	-0.013577134	-0.009281907	0.011094294
G002160895	-0.032999392	-0.015004925	-0.030778886
G002160955	-0.005551871	-0.00811382	0.023693878
G002161065	-0.010035297	-0.012224648	0.017050959
G002161285	0.004897973	-0.007731142	0.032043799
G002251205	-0.064070653	-0.014925577	-0.056816196
G002251365	-0.021873887	-0.016574945	-0.030332275
G002251435	-0.017863341	-0.015228242	-0.029804587
G002259605	-0.061281407	-0.034567219	-0.003616034
G002259685	-0.05351099	-0.035228917	-0.055503907
G003014445	-0.0066348	-0.00652512	0.025470126
G003072045	-0.020764158	0.102925146	0.033258441
G003148945	0.012268748	0.000889779	0.015460694
G003150645	-0.01498721	0.000221545	0.027927622
G003265305	0.023192548	-0.01459278	0.030895787
G003315635	-0.052231782	-0.038822095	0.008729223
G003324125	-0.021248661	-0.00347459	-0.021905894
G003340315	-0.021889691	-0.007957772	0.018919709
G003343915	-0.017858086	-0.021191003	0.024043347
G003432035	-0.001917848	0.012798143	0.017112279
G003434045	0.008716013	-0.001096416	0.039406947
G003435055	-0.001863984	-0.004016209	0.033502163
G003435925	0.007339541	-0.007151547	0.042657048
G003438995	0.066291832	-0.004142352	0.008090055
G003457795	0.016344963	-0.008083393	0.048222061
G003458885	0.014064838	-0.010441849	0.035053376
G003461285	0.012401399	-0.003517527	0.032460088
G003467125	-0.075229955	-0.000354558	0.028232684
G003467845	0.005618761	-0.001431018	-0.003259353
G003477885	-0.009755973	-0.010492603	0.03176259
G003478165	-0.000442039	-0.023707569	0.004088018
G003478285	0.005447649	0.001477374	0.003029032
G003478355	0.003164611	-0.010968358	-0.037062609
G003479825	0.060168648	-0.008572571	-0.067694994
G003479885	0.012641867	0.000870982	0.034683414
G003481355	0.013183642	-0.021714308	0.041672557
G003481825	0.004795424	-0.002439713	0.015692184
G003481995	0.020894702	-0.011662513	0.033945424
G003490145	0.009412926	-0.000152209	0.015235847
G003611805	0.001292248	-0.008799413	0.047156587
G003762615	0.028555564	-0.005437894	0.012568327
G003762715	0.032115171	-0.006088333	0.014655427
G003762745	0.02592447	-0.007942618	-0.01353058
G003762875	0.04469165	-0.003660872	0.020553551
G004102775	0.03463753	-0.003853832	-0.010914946
G004102785	0.045389411	-0.00173488	-0.032488007
G004102805	0.017677462	-0.008191191	-0.014523091
G004115465	0.029435347	-0.005996508	-0.015246681
G004127505	-0.016895393	0.058498256	0.040033494
G004341685	-0.031113513	-0.026010308	0.02449053
G004552135	-0.009776986	-0.0113203	0.001334126
G004552795	0.035394668	0.006844828	0.021583327
G004553245	-0.000513847	-0.00803334	-0.018437512
G004553345	-0.079277385	0.00412143	-0.017761543
G004553635	-0.005633725	-0.015229464	-0.048827028
G004555055	0.024281019	0.011280443	0.007488453
G004555765	0.006051103	-0.000353395	0.025822815
G004556045	0.002884376	0.014751072	0.043412079
G004556245	0.019340356	-0.028580417	0.035754129
G004556445	0.001992517	-0.036212061	0.0178836
G004556705	0.034331517	-0.004862219	0.020617036
G004557065	-0.001182997	0.011637494	0.038863782
G004557245	0.028147812	-0.009547867	0.040469918
G004557415	0.001438138	-0.013603647	-0.039418672
G004557545	-0.005022343	-0.003335818	0.035954679
G004557565	-0.008521679	-0.019931786	0.026598683
G004557655	-0.029969984	0.056338113	0.020470062
G004558425	0.044129318	-0.00563468	-0.00463206
G004558535	0.011018407	-0.003869036	0.022721939
G004561075	0.03319505	0.001970446	0.035358808
G004561445	-0.053264346	-0.018260948	-0.031629826
G004561455	-0.08582156	-0.002169235	-0.042945086
G004562255	-0.036340001	-0.018098229	0.005542969
G004562975	-0.022264256	-0.021024961	-0.017861472
G004563195	-0.035918112	0.000650251	-0.029863593
G004563615	0.021612069	0.004417186	-0.012604564
G004792655	0.01756181	-0.004873572	-0.040084203
G004792675	0.010440662	-0.004377788	0.028781056
G004793665	-0.042095224	-0.016948389	0.000660248
G004803695	0.058952637	0.002052026	0.005524031
G004803915	0.035664322	-0.014026925	0.004996766
G005048345	6.31E-05	-0.001576747	0.02509943
G007293315	-0.019155317	0.045183383	0.038186178
G007559425	0.064754195	-0.007950271	-0.007059084
G007581405	-0.009834585	-0.010061304	0.03242725
G007896885	0.059872473	-0.003668209	0.031507434
G007998125	-0.032715071	0.199843273	-0.029283016
G008040105	0.019203197	-0.015909224	0.033685827
G008273775	-0.037351292	0.19376135	-0.036224177
G008667375	0.029101006	-0.012778046	-0.001469494
G008679325	0.043373978	-0.00040581	-0.009434486
G008698165	-0.117880642	-0.066667415	-0.126367322
G009695875	-0.042327829	-0.022072696	0.022012184
G009696045	0.016260137	-0.001121567	0.002221093
G009696485	-0.010137932	-0.010671121	0.031721602
G009696565	0.01412818	-0.011827303	-0.013084689
G009774765	-0.007480546	-0.019172683	0.025601325
G009774865	0.040063923	-0.013477373	-0.034033983
G009831105	0.00434286	0.003040399	0.015992041
G009929575	0.042034069	0.004795686	-0.014584179
G009930375	0.002182243	-0.017617066	0.035173131
G009937725	0.002391595	0.001553939	0.041523537
G010367435	0.017778642	-0.006654369	0.041028683
G010500965	0.053619933	-0.004507867	0.042339072
G010537155	0.009046587	0.001440124	0.008360778
G010592515	-0.004686328	0.130134401	0.021336902
G010667615	-0.071441648	-0.034773985	-0.024158309
G011959405	0.03959046	-0.007822172	-0.007066032
G011959465	0.026044592	-0.001553778	0.039673338
G011959565	0.014951563	-0.015944413	0.033256746
G011960185	0.033335767	-0.007195496	-0.027409477
G012102505	-0.031191275	0.114971183	0.027296899
G012161415	-0.042267537	0.172417036	-0.002218819
G012357415	-0.034754096	0.200134836	-0.024800931
G012932365	-0.077297082	-0.039203911	-0.078253898
G900021155	0.039759592	0.002219689	-0.016880675
G900046475	-0.019720608	-0.022329816	-0.023303129
G900066095	0.009043944	-0.016921225	0.024815068
G900066135	-0.000836942	-0.014483695	-0.00491455
G900066255	0.017127965	-0.009568017	0.050352531
G900066445	0.074474551	-0.000863753	-0.032569552
G900066505	0.011285292	-0.001159546	0.013077743
G900066525	0.005317943	-0.003119138	-0.019306442
G900066545	0.020794933	-0.019810955	0.032903916
G900066655	0.042076508	-0.007181503	-0.074313654
G900066885	-0.003959974	-0.000244043	0.040063226
G900079775	-0.014370446	-0.009328675	-0.090490995
G900086585	0.006989754	7.50E-06	-0.036807264
G900091655	0.055454051	0.000601369	-0.03784538
G900091675	0.012336305	-0.016623268	0.021444284
G900094885	-0.059595484	-0.035726033	0.01996502
G900095865	-0.014981895	-0.00568642	0.033560331
G900101655	-0.021705918	-0.014776131	0.016453939
G900103315	-0.002649791	-0.029173113	0.031608236
G900103425	-0.095085134	0.000192923	-0.038626247
G900103535	-0.069495283	-0.005962401	0.030922878
G900104585	0.056102753	-0.008729939	0.047886266
G900104605	0.038683904	-0.016707358	0.022380996
G900104615	0.062448342	0.008745563	0.006575921
G900104675	0.003372535	-0.002784992	0.007726257
G900106785	-0.018454434	-0.007001143	-0.089209154
G900106855	-0.035207616	-0.022999721	0.019188599
G900108345	0.056347033	-0.000464881	-0.070366589
G900113155	-0.008263295	-0.015761216	0.022143136
G900116045	0.030153819	0.026749866	-0.039750325
G900119895	-0.020241875	-0.023403475	-0.03198956
G900120005	0.002336607	-0.014803798	0.041124594
G900128475	0.008093934	-0.008677779	-0.10455058
G900128485	0.015031477	0.007904127	-0.047046028
G900128905	0.06242212	-0.000189914	0.047086913
G900142165	0.017543162	-0.007938513	0.035834699
G900142265	-0.032126279	-0.015365446	-0.021269651
G900142485	0.008548367	-0.0116022	0.018382206
G900143685	-0.057815575	-0.026954594	-0.046914047
G900148495	0.008768179	0.002548141	0.013482647
G900155635	-0.019563518	-0.018695752	0.021407408
G900167275	0.032050287	-0.005581677	0.03757259
G900169495	-0.031838026	-0.009524868	0.022737529
G900169975	0.02439522	0.00116292	-0.005197476
G900176655	-0.035435198	-0.021647707	-0.030570634
G900199495	0.006677914	-0.007830558	-0.001994372
G900227605	-0.023397464	0.146908894	0.005790518
G900240225	0.04735461	-0.000199971	-0.01673634
G900291465	0.047049421	-0.011251459	-0.034633833
G900292045	0.037841794	-0.008979924	0.04283116
G900312975	-0.025583633	-0.008304923	0.014589294
G900316315	-0.032052768	-0.005627215	0.030394566
G900445225	0.020965726	-0.04387061	0.021030795
G900538745	0.035403365	-0.003148198	0.014434373
G900538765	0.016645526	-0.012440179	0.030092026
G900539795	-0.061744305	-0.009126891	-0.055975597
G900539925	-0.007109447	-0.020298005	0.041540905
G900540205	0.042474434	-0.001688357	0.0385572
G900540535	0.023663217	-0.017185919	0.02669692
G900541935	-0.006329331	-0.012642208	-0.041043155
G900542815	0.016766116	-0.00288071	0.033029247
G900543375	0.059928051	-0.00119942	0.011161632
G900544565	-0.002865612	-0.036958915	0.031883647
G900544945	0.011657293	-0.006208468	0.03614603
G900545025	-0.004478901	-0.020577999	-0.018802395
G900545585	-0.002104129	-0.004297319	0.03799672
G900548875	0.076714477	-0.000266867	-0.015339928
G900551515	0.040370855	0.004121083	0.00744877
G900552255	0.031720509	-0.007621197	0.04025697
G900552655	0.030224906	-0.015917212	0.040226757
G900552765	0.01234231	-0.001007362	0.0330761
G900553625	0.039038787	-0.013376122	0.034265783
G900604335	-0.004817337	-0.004097801	0.017818818
G900604355	0.035646808	-0.020332036	-0.01763679
G900606105	-0.032748163	-0.020510827	-0.043377532
G900683765	-0.003410018	-0.016257157	-0.004748361
G901212675	-0.098774258	-0.022628893	-0.056026585
G902160675	0.001802203	0.074823687	0.025674926
G902167945	0.00032028	-0.007089292	0.014907818
G902167965	0.006973481	-0.008167023	-0.000671221
G902363025	0.002931649	-0.0050229	-0.036978316
G902363055	-0.028622444	-0.014645322	0.006791359
G902363075	0.001905093	-0.004091522	-0.01089252
G902363425	0.056930971	-0.00429582	0.004187929
G902363555	0.008137696	-0.00211031	0.014712098
G902363565	0.002400437	-0.00374557	-0.007239634
G902363595	0.001339202	-0.01141033	0.028775408
G902363685	0.020598584	-0.010826733	0.020760413
G902363725	0.027064811	-0.011921066	0.023163657
G902364485	0.00576893	-0.007017245	0.008546368
G902385285	0.004244036	-0.01435894	-0.085372744
G902387315	0.026695416	0.031720668	-0.011614589
G902501965	-0.02881257	-0.022165603	-0.039403925
G902762555	0.025669119	-0.003706419	0.04220584
G902777695	0.007698964	-0.018516568	0.033740806