Species	Axis1_63.0	Axis2_33.6	Axis3_3.4
14577.EM.TP1	-0.087605165	-0.053363429	0.128769677
14577.GK.TP1	0.120027242	-0.020149325	0.021298754
14577.AB.TP1	0.146639899	-0.148359741	0.01151083
14577.JR.TP1	0.017810979	0.162147835	-0.078910897
14577.MA.TP11	-0.004235114	0.151197937	0.317679822
14577.MA.TP1	-0.064491882	0.22182992	0.02807587
14577.RC.TP1	0.117887395	0.08207255	0.035069459
14577.TB.TP1	-0.131635408	0.214996493	-0.103381951
14577.TK.TP1	-0.153072766	0.168417298	0.000955026
14577.GK.TP4	0.077971142	-0.128562652	-0.001738841
14577.EM.TP3	-0.148664732	-0.056993099	0.04257713
14577.AB.TP2	0.014323625	-0.160456849	0.393638799
14577.EM.TP2	-0.207965969	-0.183693303	0.109932734
14577.RC.TP2	0.13609608	-0.011915514	-0.042992216
14577.TB.TP2	0.008483741	0.135840444	-0.020218584
14577.TB.TP3	0.011261214	-0.111792089	-0.115153495
14577.TK.TP3	0.06529282	-0.022803702	-0.105418921
14577.EM.TP8	-0.134880586	-0.104398953	-0.104955206
14577.GK.TP7	0.107680236	-0.126964532	-0.049895203
14577.EM.TP9	-0.13491723	0.016639494	-0.153291234
14577.MA.TP8	0.05462078	0.154628778	-0.175267241
14577.RC.TP5	-0.024285896	0.015223693	-0.070237175
14577.EM.TP10	-0.160720082	-0.081913146	-0.073526271
14577.EM.TP11	-0.054275805	-0.146177508	-0.079860023
14577.EM.TP7	-0.16337287	-0.111104898	0.042004672
14577.TB.TP9	-0.165505614	0.045679587	0.07039347
14577.EM.TP5	-0.160687632	-0.190128692	0.023399223
14577.GK.TP8	0.125133951	-0.110228623	-0.014731329
14577.AB.TP9	-0.071052166	-0.126482203	-0.096709461
14577.AB.TP8	-0.032475687	-0.036576095	-0.1064672
14577.TK.TP7	-0.148863139	-0.036218623	-0.007189912
14577.TK.TP6	0.031040701	-0.058904621	-0.078374537
14577.MA.TP9	0.054426301	-0.073326655	0.027181318
14577.TB.TP7	-0.172315657	0.070825513	0.096111219
14577.RC.TP3	0.123769273	-0.141113248	-0.035541415
14577.AB.TP10	0.105338611	-0.026163247	0.011051939
14577.GK.TP11	0.137106147	0.094764496	0.114903509
14577.AB.TP11	0.012699652	0.215611201	-0.005022323
14577.JR.TP11	0.132657587	-0.015720422	-0.053151279
14577.JR.TP2	0.006588158	-0.02769195	0.020108921
14577.TK.TP9	-0.127327922	-0.175119356	-0.049292611
14577.TB.TP11	-0.093953218	0.078850338	-0.090826894
14577.TK.TP11	0.109508855	0.202108721	-0.002158827
14577.JR.TP9	0.103800692	-0.138354269	0.057621313
14577.JR.TP7	0.073671229	0.067367657	0.201310837
14577.GK.TP9	0.072942265	-0.04761813	-0.117893894
14577.MA.TP6	0.016374359	-0.038330268	0.248931845
14577.GK.TP10	0.142375498	0.10075651	0.046695225
14577.JR.TP10	0.198925963	-0.015585074	0.125647885
14577.RC.TP8	0.070619162	-0.032698859	-0.142373839
14577.MA.TP10	0.06962248	0.130674206	0.017152971
14577.TB.TP6	-0.192052268	0.073436728	0.078033872
14577.RC.TP10	0.128759515	0.171444522	0.01944174
14577.RC.TP11	0.066846761	0.173762822	0.050582338
14577.GK.TP3	-0.109749539	-0.074808005	-0.063507802
14577.RC.TP9	0.036354293	0.143501014	-0.026272221
14577.GK.TP5	0.074087803	-0.119981274	0.045222272
14577.MA.TP4	0.04057969	-0.093553351	-0.104844412
14577.AB.TP5	0.148826093	-0.056162553	-0.039380342
14577.MA.TP5	0.131530957	0.00760716	-0.064013315
14577.MA.TP3	0.040472965	0.139018307	-0.133741402
14577.RC.TP4	0.101955221	-0.129865993	0.047996726
14577.RC.TP6	-0.039195388	-0.021644093	-0.06259845
14577.AB.TP7	0.027136958	-0.01530068	0.04142098
14577.TB.TP8	-0.207916625	-0.065627999	0.071245831
14577.TB.TP10	-0.109032978	-0.096467447	-0.038412969
14577.TK.TP8	-0.096936466	0.034836504	0.033391138
14577.TK.TP10	-0.01558069	0.059876468	-0.136457271
14577.TK.TP4	-0.152023723	0.160617037	-0.053980176
14577.TK.TP5	-0.174864432	0.029420633	-0.101934934
14577.EM.TP6	-0.089021421	-0.048831032	-0.077134487
14577.AB.TP6	-0.107982181	0.033741128	0.432488528
14577.EM.TP4	-0.039988315	0.035148416	0.083212412
14577.JR.TP3	-0.000949467	-0.099673634	0.012226967
14577.AB.TP3	0.139263416	-0.053460918	-0.054985779
14577.GK.TP2	0.083990769	-0.030724283	-0.129291763
14577.JR.TP6	0.170463181	-0.120807897	0.057971064
14577.MA.TP2	-0.117071316	0.094830543	-0.10882666
14577.AB.TP4	0.116403318	-0.032461415	-0.067573149
14577.GK.TP6	0.095920609	0.174336123	0.113371793
14577.RC.TP7	0.081471218	-0.002968747	-0.000382589
14577.TB.TP5	-0.054089457	0.160038318	-0.040709616