Eigvals	3
58.59715772642633	38.65842968156244	13.902915165629594

Proportion explained	3
0.6704479577073628	0.29181014609960054	0.03774189619303671

Species	624	3
G000006865	0.09782022622182006	-0.05337908033721519	-0.007222548834670032
G000006925	0.11284271425052524	0.016200340035789452	0.016717531954802117
G000007145	0.06270158810283456	-0.0413352259331286	-0.028057801207923422
G000007325	-0.012096304182410606	0.05346457495991018	0.0059824139342305295
G000007525	0.005369629175716715	0.010471882996653236	-0.04113368021222035
G000007785	0.031674898468765755	-0.021346467104315193	0.049535425691654374
G000008865	0.11413806027764674	0.010016371562925477	0.013162054963775963
G000009925	0.015398444468546144	0.010668724506457884	-0.09351703553614304
G000010425	0.012655691171730684	0.018801891927223865	-0.021446815464131554
G000011065	0.026370783720931816	0.00945516934544906	-0.0815133466649629
G000012005	0.11068788292689612	0.01638735999374618	0.0197153304084192
G000012825	0.023007438684881427	0.005916598137856456	-0.1574812179258376
G000012845	0.042674542494779026	0.005124088256569449	-0.12889927251523497
G000013285	-0.0827462152297251	-0.007761497205097914	0.029436759911883197
G000014205	0.019672596377148154	-0.0008858146300927876	0.02431216427038222
G000020225	-0.025325040415038955	-0.05043519326532605	0.016260986208904572
G000020605	0.049411896773511446	-0.0011951793377621368	0.030452280876396755
G000022965	-0.047416684968042716	-0.0616349385597908	0.013169180522887484
G000024945	0.006247753280189407	-0.010866472164883225	0.05234574357851871
G000025205	-0.04614034177274267	-0.06024149905049165	0.025460537861820894
G000025305	-0.039175589465571925	0.005518416500712735	0.016914510119445173
G000025565	0.03616690420324261	0.08136917646028351	0.024301757007510666
G000025925	-0.04642292543697778	0.00673236625063053	0.040931021529531236
G000026325	0.11637107353889195	0.008530911746227485	0.015567626008950917
G000026345	0.11441709737767176	0.012424883003179015	0.016880816421102247
G000144405	-0.06839395213131394	0.014809561348593854	0.055038223902524955
G000144625	0.04662504010470143	-0.01752057519438865	0.014681743309016915
G000146675	-0.0304417698975801	-0.00045256033534542446	-0.005164579459811745
G000153905	0.00495363169007931	-0.04337106592644217	0.013481125616569382
G000153925	0.04250049456859654	-0.014545288552810605	0.04457455873802066
G000154065	0.03075616284797053	-0.012088542163105096	0.03923979577874847
G000154205	0.01264640352106352	-0.0020780287974400164	-0.14032723322457072
G000154245	0.0017287445014191577	-0.027334215690836185	0.009467301324059757
G000154285	0.012330627358712936	-0.03248276248358405	0.01771805006240847
G000154305	0.005079553037766061	-0.05561611030991984	0.040212361803350694
G000154345	-0.015198193655172998	-0.04704818525616154	0.04976723576429536
G000154425	0.020149341695650847	-0.04605159748043109	0.030210947860376106
G000154465	-0.020695213284432995	0.023150315117114958	-0.07750887889942822
G000154505	0.018794987697759464	-0.01942717355426423	0.0381514833707466
G000154525	0.03205350559387888	0.03184492684036011	-0.15985486949411135
G000154565	0.05453262445724138	0.008504793342181611	-0.021173438106166283
G000154845	0.016140916081053704	-0.003959645190495523	-0.14675188032942857
G000155205	0.028965855597840394	0.003046824484027542	0.03965499889616762
G000155435	0.0013142990147116916	-0.027862860529889	-0.004841795890291065
G000155875	0.030185106968853972	-0.008554121572846789	0.028711000125304795
G000156035	0.037684417814822076	-0.023640899617186597	-0.016738748727072775
G000156055	0.06644411821907238	0.04691823562086091	-0.011935744756406845
G000156175	-0.0029626994773614503	-0.06575703165800664	-0.039702306688534854
G000156215	-0.005847109293152677	-0.07018582559139282	-0.047675197471526085
G000156535	0.0450208769037526	-0.018560795624996584	0.05209469837762053
G000156655	0.0562403149084899	0.02906202792358444	0.05405726485701079
G000156675	0.00876036035317081	-0.018010525128017513	-0.007425068505269854
G000157915	0.004899770188020734	0.0134226229643298	-0.10237292594819555
G000157935	-0.11542507411384903	0.0637574746895039	-0.06334630091854954
G000157955	-0.0013020577975258428	-0.02994592159172852	0.008984971710422892
G000157975	0.0192451556155052	-0.05039861902004004	0.030645403212602236
G000157995	0.007134856119614676	-0.029739552339508965	-0.007401556872427764
G000158075	-0.007804018845120365	-0.022629404504039885	0.029581057271769455
G000158195	0.05925379769765351	0.07461587328190643	-0.0782238057646943
G000158215	-0.009768011657794224	0.05284352487792396	0.0006849561716456866
G000158275	-0.008425099713892421	0.05589523897079214	0.0033163042474518606
G000158295	-0.0214827808985672	0.0525725416105228	0.02757542476999307
G000158315	0.01793775118542773	0.04956279510463335	-0.021769476907206757
G000158655	0.04225661636280676	-0.010846984111918987	0.04287288887326154
G000159055	0.01298491398919157	-0.021771516971131576	-0.016084766925278247
G000159075	0.02094839330179449	-0.005885043518003761	-0.06804556227612225
G000159155	-0.03739135855929625	-0.0585477242524504	0.04036994554031035
G000159995	-0.017625354095297623	-0.0108002306282288	-0.02406051254864727
G000160095	0.0061633283626328335	-0.026305055877927173	-0.010474918575994283
G000160535	0.0048862481611250475	0.041814128167310484	0.034706602521131336
G000160655	0.02925169475106884	-0.008805553924408665	0.023812906833090786
G000162015	0.03452025032991671	-0.002681043559086247	-0.014309119933597255
G000163515	0.028323826859967226	-0.026674425921158505	0.03179596958960471
G000164865	-0.026769433655968417	0.0011058904403134682	0.010650918359240242
G000165735	-0.04369548110767239	0.015481597214955055	0.0523924149766793
G000165905	-0.03080919183521691	-0.04814041099806541	-0.041370278265295546
G000169035	-0.0014031180867142307	-0.039050079310821315	-0.026885916134809416
G000169235	0.02549336437837204	-0.023559113131673873	0.012386942306777261
G000169255	0.01723107114260275	-0.034758798151591934	0.01143152379848364
G000173795	0.026911352024936285	0.06281111454181396	0.03141041106329011
G000174195	0.03482735207962793	-0.009331320636805553	0.0024826841659488937
G000174395	-0.0003000865125068185	0.03850506390126743	0.01193568518359009
G000177015	0.018156339615177	-0.035980439752229074	-0.03453588879156198
G000177075	-0.007689844979201744	0.0010280973820846952	-0.0422609458987629
G000177555	-0.012912319124715195	-0.0320756952124983	0.0402917249425378
G000179055	-0.046903296947826	-0.004911068802505433	0.03704477263977276
G000183345	0.11135893874880733	0.010996131119177669	0.01374039167600598
G000185385	0.01933802354419368	-0.06272939093534245	0.024524625655938596
G000185845	-0.019201131117137945	0.016093089002311035	-0.004743097505569979
G000186425	0.0024334428266090647	0.009134301308510485	0.0378000358078106
G000187895	0.01777423990399129	0.020997766443921588	-0.17659146365149272
G000188175	-0.02513073000838023	-0.006649958117344743	-0.021464158217183657
G000188195	-0.07551998249480416	0.04804276756680731	0.020818460007894418
G000189595	0.01873062522731491	-0.018732844758889134	0.00573186825529097
G000190535	0.013597214803674212	-0.0026971975444956926	-0.047966165682753074
G000190575	-0.005353916529210022	0.010050901837303061	-0.06396849626001962
G000191065	-0.03777819187298206	0.017839932224682303	0.011606014145645441
G000195315	-0.007947999431491852	-0.07208621027288478	0.013367653137725345
G000195635	0.008567714552509409	0.006566119251136468	-0.06369388908000274
G000195995	0.025056133324268315	0.035465303441312844	0.029299339769888764
G000205165	-0.002589374737472174	0.010736355137926592	-0.09623098288797498
G000209385	0.036453636850467167	0.014187068349108647	0.037946521151301316
G000210055	-0.023597982697853178	-0.08056870430801548	-0.01936264501647827
G000210555	0.030351425485182593	-0.011154021029159768	0.0260659589857861
G000210575	-0.0027378558353930472	0.026572902396776222	-0.05742407457561022
G000210615	0.016498236958778143	-0.0372148425837317	0.02596194769954763
G000210635	0.05017245479852327	-0.013236690783833204	0.056897182835022646
G000215745	0.010529498360717975	0.03325009803328106	0.03323917721830941
G000218235	-0.016702341232209733	0.06383782491714142	0.06028643815130321
G000220255	-0.04229676896114635	0.01060615155503221	0.006728065350521489
G000221545	-0.04387275636223537	0.010036025424718374	0.05310613626864705
G000225345	0.013642318699504228	-0.024850572557198268	0.014184201471464073
G000225705	-0.006490843841783335	-0.06343317345561354	-0.02518151689424974
G000230275	-0.006670039979947687	-0.021294728869123435	0.019290593998460667
G000233455	0.010613879452457798	-0.031005210954505775	-0.018186681580726387
G000233535	-0.01318056686605369	-0.06286353541231945	0.018365783782683828
G000235885	0.0072927243525210675	0.01299036569664639	-0.08129192745047509
G000236865	-0.011054589859356798	-0.03741968866216812	-0.027151799703719275
G000238215	-0.021670883064515974	0.015065214242366112	0.013620818476782044
G000238795	-0.04599017845157412	-0.018375499443433595	-0.0007685158673384712
G000239355	0.040632465597389394	-0.047797091399769585	0.0455259199969691
G000239695	0.008335126491336579	-0.09346645630482903	0.0013262263012821147
G000239955	0.0710349393924724	0.1460334635616111	0.01047031764106222
G000240185	0.0694629304846007	0.03972897237613706	0.020673952825647993
G000242215	-0.017151121174536356	0.05128131612780095	0.02076023003976355
G000242235	0.025287501797225526	-0.0402010633539921	0.044815670222441616
G000242335	-0.0297362229003081	-0.009038115673236648	0.039980085934350165
G000243215	0.0006726975245206318	-0.004960663890452533	-0.04097454757616077
G000245775	-0.028488271057676456	0.08476045250971947	-0.06075641970091908
G000247895	-0.013104343862987533	0.0674663883152219	0.014251146212992716
G000250875	-0.042055223788803595	-0.02731999142748702	0.022855160747888414
G000262225	-0.020861446895779453	0.04860139680195953	0.024956456139466753
G000262545	-0.009518721975136143	0.009252684659038581	-0.03196104906793283
G000265365	0.0281273764849242	0.006768015332873504	-0.04443794650561637
G000269805	0.014912733904448045	-0.03647126580487967	0.03177486293376006
G000277715	-0.017442566946364615	-0.0536580310508375	0.027126185363895057
G000283495	-0.011564049758101939	0.06024093489582958	0.04058622466587517
G000285455	-0.025599645764695752	0.052740902495267555	0.03856858426755364
G000296465	-0.042294965555692496	0.005647171915712563	-0.10268079238523206
G000296505	-0.030887417282788886	-0.06286659094118177	0.026360743369175908
G000297775	-0.06686925855204943	-0.0283158283430847	0.00897345563733291
G000299455	0.11849595527299198	0.01982299556362528	0.011981292887886805
G000304215	-0.0397613717962176	-0.06435469949982145	0.025115076127185547
G000307375	0.01471950734716482	0.0141693954633333	-0.09799670142862231
G000311845	-0.005420629990925533	-0.06453419044704688	0.0004615810455751349
G000311925	-0.0013298346419955886	0.013884167733141117	-0.02474845953533138
G000312145	-0.041488479323814914	0.03727940290192369	-0.018103771579365203
G000315485	0.008214603405750445	0.0028915444767655812	-0.07501308959412728
G000318135	0.013640796679612769	-0.07840597284028288	0.018070729746094968
G000321165	-0.01104991620916096	-0.06813220255564793	-0.01905377858250506
G000321205	-0.0012839733370881888	0.0017596055854601632	0.03695006536460471
G000327285	0.005094834025207784	-0.02292406256179324	0.010776830894618138
G000337735	-0.029621352289849877	0.025532579916309535	0.016255047188577617
G000337895	-0.029599585306494664	0.026253873389397234	0.01614739641470288
G000347695	-0.04692043443123998	-0.05596247337046916	0.0038277530966532836
G000349975	-0.001020426567277612	0.056027978250640556	-0.004856195000734415
G000371705	0.017945020725275474	-0.017539962324544918	-0.011226297623897458
G000372405	0.008494332439510935	0.014608198119569593	-0.03096287161572606
G000373885	0.0165269317052481	-0.0067934453687768645	-0.008245396216824337
G000374405	0.021029040989186936	0.013821966892931822	-0.024677397257658353
G000374585	0.016004164939673132	0.02054451419510391	-0.06812773870917017
G000376885	-0.029766881669022718	-0.0834970869475542	0.023010125523011266
G000378745	8.201694773219596e-06	0.012418129005976108	-0.018535263088302723
G000379965	-0.08285984860644312	0.0032602908667842267	0.014222472172905024
G000381365	0.0585615010316307	0.015414571223362603	-0.119205711731327
G000381725	-0.02300237419964924	0.058136718202573885	0.029786149761485796
G000398925	0.044897946485806334	-0.013836832576132795	-0.05962706111667043
G000403275	0.03994221814566838	0.01756074767215902	0.04978016810949568
G000403295	0.04312483335417532	-0.0004896551122459772	0.029670595112754296
G000403455	0.04201931178994168	0.009221538331033612	0.04139720572477104
G000411515	-0.08393671351123727	0.06726747169672478	0.01813642570097107
G000423385	-0.04010945698902073	0.057483926106652754	0.015321970759067726
G000425005	-0.010877453382472762	-0.07130761428132061	0.018306319185073142
G000426565	-0.04896700671975345	0.051224635618559194	0.05292966845444695
G000426585	-0.011291134458990484	0.002008776069859133	-0.016473775704412535
G000427365	0.019916473318817008	0.018500903509062545	-0.03388348965862528
G000428205	-0.014608788574402908	-0.02594879541409034	0.01715480503866668
G000428565	0.013174235433391737	0.011839674253138548	-0.08682598886814555
G000430525	0.007733071700195975	0.01559540958557491	-0.030845486319928356
G000431015	-0.04235338301630024	0.01745470787799243	0.03353523213026873
G000431175	-0.04334555284172285	-6.05930886619027e-05	0.04229768971921875
G000431495	-0.015020253854999869	0.048022265624363875	0.02733372113749559
G000431915	-0.08660120891079386	0.08937304697042353	0.007994457284628357
G000431935	0.00899638202204724	0.016287693643389816	-0.02056298687000302
G000431995	-0.016747674824141467	-0.024437464103375283	0.0402298763593951
G000432055	-0.03426297797047426	0.060879450228024566	0.017151400929369287
G000432435	0.0045529291968256745	0.06699402804489901	0.015923050788273507
G000432615	-0.023840247618643774	0.001623035944635144	0.03396129796175372
G000433375	0.08663133031544824	0.01685831211807716	-0.08961681964851649
G000433575	0.032996747231938725	0.002387489533798081	-0.026863045445926322
G000433955	0.010608866243665983	0.018289953745201704	-0.10452993781659885
G000434095	0.006825300097982237	0.020105660212636368	-0.024980048150388703
G000434135	-0.13990446086906067	0.099711137985403	0.01745752868624784
G000434475	-0.010034953987451243	0.04689671326723635	0.01543831622310111
G000434515	-0.08814390969114341	0.030842878041362706	0.018023400283802407
G000434535	0.019764229930405445	-0.016652066205260274	0.0034403534140583702
G000434735	0.005942771420520673	0.012147576659563975	-0.01654170590327492
G000434855	-0.10776751133133401	0.07515713834149494	-0.05541151543559641
G000434975	-0.06079735102984718	0.05209868080149111	0.007614575030280419
G000435075	-0.00721180385027299	0.022424166270845373	0.009689235639193465
G000435555	-0.038240205095622516	0.02468302252436458	0.018605231393366874
G000435635	-0.013406786286387236	0.013781502839193095	0.011452544336382948
G000435735	0.00767944723324082	0.021095489180532008	-0.0070374918918713475
G000436035	-0.06570653235276172	0.09465885183827641	0.001481253846462882
G000436055	0.02565599435553384	0.023778854022194904	-0.057986056728431844
G000436135	0.015906056582712432	0.005135936805150107	-0.1371119331450625
G000436195	-0.1030977983508612	0.06704404834215952	-0.021725554280897737
G000436295	-0.027877464377811894	0.0127475076114724	0.009118375232426978
G000436395	-0.053686578677216074	-0.06223713330783986	0.005419938662667343
G000436435	0.010962909119414879	-0.010140577681476639	-0.08646565995953429
G000436695	0.020403109076383208	0.020922023709290284	-0.004307960945161402
G000436795	0.021593778337449885	0.0032980125363291394	-0.05714457229590842
G000436855	0.04581294478857494	-0.014392209586597766	-0.09158488666969247
G000436895	0.01471062314747971	0.011654386766952815	-0.11483293050630529
G000436915	-0.04562297269331713	-0.042099261085789444	0.02452717023662104
G000437535	-0.059119591968447974	0.05509194590557674	0.017872208891203584
G000437675	-0.044316498988221244	0.016953720986812366	-0.017691893018253163
G000437715	0.02178935161104338	0.05135724896278485	0.036333291978775696
G000437995	0.07636724793651872	0.018274987296326033	-0.029615256195739858
G000438035	0.023394400862075778	0.006476334680613422	-0.15154645800426864
G000438395	0.07167489089474806	-0.012794463436521634	-0.12929723219751058
G000450985	0.03141479801446568	-0.042735884807487586	-0.04204227555476608
G000455225	-0.05707558584858539	0.004185452332237931	0.046973471952413116
G000455445	-0.03146181426846232	-0.011447604837718287	-0.03883389140394068
G000463355	-0.023412955627289588	-0.013702594940586135	0.05284997131407464
G000466245	-0.017620184648116627	-0.0780314601113013	0.009746496405860733
G000466465	0.015778312954450834	-0.02140009383646532	0.0239106826198179
G000466565	0.018966354849021042	-0.028789287415817388	0.028975016319567698
G000468755	-0.02400646189144312	-0.04883527498084942	0.036017903108962517
G000468855	-0.02810934938948705	-0.0556142137172688	0.039173060781264625
G000469445	0.001178983060482355	0.00888100664730742	-0.003951309346668327
G000478965	0.0036009317385334015	0.08138621581256913	0.060537620717275344
G000479045	-0.0157901291778959	0.05607363735883626	0.008769609995162573
G000499785	0.02259498733758705	0.013592886119751737	-0.029031291896979013
G000511775	0.018066798465062074	0.0019416276862967241	-0.028559498147497826
G000512915	0.006440279996262049	0.0159964702722455	-0.044180862981082335
G000517545	0.028028931638348017	0.02437462471719583	-0.03255907972135783
G000519105	0.011691943369424333	0.023383225970445048	-0.062385055615302804
G000524335	-0.010757018741936122	-0.04415956437520238	0.04211065419758967
G000526735	0.06775508995896415	0.009178089496155149	-0.07252585822902352
G000565075	-0.009264596103563201	-0.0456259798421514	0.02972514444549246
G000585355	-0.04601414428087207	0.014878619585917616	0.03375866784757209
G000598465	0.008542596467253787	0.02029154936961275	-0.044355978357540814
G000598965	0.008179960400859445	0.01831990211742248	-0.047678742289094446
G000599385	0.016147740169377593	0.014289708748678825	-0.08249802331151716
G000613345	0.006580180179925342	0.013938869509726382	-0.01883861593623064
G000613525	-0.05831186940630209	0.05495004237882902	0.046581153491925674
G000613785	-0.04974140137369356	0.015717380054653035	0.06415509297317191
G000613805	0.01642556836074975	-0.002918925783075555	-0.015205284668092544
G000613925	-0.07003817125233129	0.0007750339573404618	0.00924623669741522
G000613985	-0.0835165784655449	0.005298836882415982	0.012390798790347561
G000614145	0.01737275126103191	0.009214158516194719	-0.06914525258002864
G000621445	-0.02998199607979153	0.06973807489384128	0.028360518214249147
G000622245	-0.02464411579560032	0.06365136836610721	0.021672646157035416
G000648175	0.03291781657186807	0.02775813533261449	0.04287631255069459
G000648515	0.03308559377502859	0.03899221030183947	0.032592749199466454
G000686565	0.007255542481561094	0.07663583799549288	-0.061137786206560275
G000688375	-0.0300271524339252	-7.566899818393222e-05	0.016973476743303014
G000691645	-0.020914027425658347	0.0486620941591627	0.02802630332575925
G000691665	-0.021010927080233846	0.04966657614498526	0.030815970119462372
G000691685	-0.019470752831730095	0.04965282978908175	0.032175596196070785
G000691725	-0.021654346782511907	0.05166126166665122	0.031232761756138393
G000691745	-0.02177751379220294	0.04786349653478447	0.029551785231146353
G000694955	0.07011841579731765	0.14215417847879164	0.016666785403780304
G000701665	0.048720279152224696	-0.0006778320637888684	0.04861032792521504
G000701705	-0.007375477450376449	0.06277752871050098	-0.00035938852809235395
G000702025	0.018863785876762056	-0.038810948402005684	0.05159184348642963
G000723745	-0.013806687277561137	-0.036695093869460724	0.037978386770062704
G000735365	-0.007749719211831521	0.06837290589078392	0.013855275870187311
G000735455	-0.03783071094175244	-0.014040762091051229	-0.0007919163250473068
G000735515	0.0010398255094044558	0.017287829133222077	-0.00033323565048118414
G000737865	-0.03602811438017209	-0.07041596460653186	0.021033735166711545
G000738005	-0.04740742822092147	-0.0767924936419999	0.02906261884234247
G000741135	-0.04934994764816757	-0.059219777232226156	0.00154370485367038
G000741165	-0.0540581601303476	-0.0655300186589407	-0.051455670245340895
G000741175	-0.09221328378320355	-0.09058721047313667	-0.10855551788495829
G000741205	-0.0504961678008862	-0.07031338345271923	0.027016886427100106
G000741215	-0.03924405181816984	-0.06557306436090031	-0.030388043493103783
G000741255	-0.03854059397554564	-0.06727880354831955	0.0314260747388821
G000741285	-0.0548265619313051	-0.07777892654422934	0.01103995783486562
G000741525	-0.04819223206756601	-0.07103206941525235	0.025698642720675187
G000741575	-0.05291677347780197	-0.05987620648358555	-0.008793355538408286
G000741645	-0.033788009848735305	-0.053257369529222984	0.01496078812351551
G000741695	-0.04376252160236685	-0.08401701148960812	-0.11627583676421079
G000741705	-0.04110440939194499	-0.06901908019468163	0.025502203581694468
G000741715	-0.042895812340903366	-0.059549048041592424	-0.03683699905869124
G000741765	-0.03896757907887646	-0.07472796995381989	0.018770059413370302
G000741775	-0.03815070447682034	-0.06627906176364934	0.009004895431285806
G000741785	-0.08294692355870463	-0.06187004761516458	-0.08503445381265239
G000752675	0.007712344199882015	-0.008589633869191532	0.020344577597007384
G000757785	-0.014055785119976457	0.07045904999268562	0.014633643370018556
G000758925	0.0012615467122747204	0.017006960281530432	-0.03345755369828485
G000762865	-0.02764541988050367	-0.00041725874561374235	-0.018553180130780705
G000763135	-0.028652359488442143	0.10570492764578086	-0.04947668194083346
G000763765	-0.026579456254633902	-0.08219296286165054	0.016268495927618053
G000765235	0.02493532538896189	-0.021540150508320244	-0.009561780501893992
G000767175	-0.050836218600811486	0.07999030057332085	-0.010434683937175544
G000768955	-0.007132940492832837	0.006755187090327982	-0.019832687211623675
G000775615	0.01698977106384674	-0.0017711198653444754	0.01216866610604505
G000777575	0.10121950457105197	0.004747694327134078	0.024902295739451873
G000777875	0.09687012144926543	0.013705328316324247	0.03496878259110116
G000778805	0.08542357888476795	0.02245693641824854	0.03808443025626077
G000779535	0.10360596555384313	0.006454326439314907	0.028074148056930686
G000781475	0.10009471808648694	0.010228918438157993	0.024723304952807147
G000784965	0.048378148099821536	0.0038972950357349916	0.01961852425315117
G000785515	-0.027990938024787814	0.06625573479131856	0.03972225020041159
G000800475	-0.04905022420116917	-0.053255103921548495	0.008135712620818553
G000803105	0.009325034399705008	0.008100906166865185	-0.028849606249492742
G000813025	-0.04993264570380689	0.06648319873581979	0.01802065390419629
G000814825	0.0006030755773428976	-0.07934859770517455	-0.009293740040674452
G000818035	-0.04078243528285071	-0.03000982598396363	0.023801900221184547
G000821265	0.00010925869345710492	-0.05408295245424499	-0.0132932468463688
G000832075	0.025671907996780326	0.00864006637775085	0.02323243425371308
G000834015	-0.033750689040392474	0.022115837093538097	0.009957146747619033
G000944155	0.02109532664225833	-0.03750886583162268	0.01334124552227369
G000944855	0.11943449654888129	0.016789826803335215	0.016103010261954154
G000969835	-0.00011422236603265428	0.019988806356351058	-0.024856390779270234
G000980235	0.01714627765773397	-0.020386891956626612	0.004692188464594245
G000980375	0.022739377872103752	0.011776465994364611	0.017086372335367847
G000980495	-0.00033157641403360014	0.006657324188224853	0.02159500635589926
G000980515	-0.008886985281145905	-0.050200420536278864	0.035400069350968226
G000980655	-0.10600286001971913	0.0680433110887978	-0.020370084480996628
G000982825	0.0475724870360703	-0.0308940778905306	0.02145920127739719
G001022135	0.014723604961411497	0.05251497432007116	0.024286007812983214
G001022195	0.05573424956799127	0.017481037946589187	0.02709498515948018
G001025155	-0.026490322039459897	-0.040936871510658834	-0.022730199510296728
G001025175	-0.015062584429316338	-0.02550115726119512	-0.033441272619607526
G001042595	-0.018917548902760477	-0.0341991381984225	-0.001202628431884298
G001042635	-0.04873097622831065	-0.05825930638333295	-0.04905915080328053
G001042695	-0.041028444130051536	-0.053498164084459995	0.04530241901489253
G001045675	-0.057847480577453626	-0.002085159820464959	0.049007521028758265
G001049915	-0.020940418166918086	-0.01050312339913657	0.04811327081022095
G001066585	0.05771285372554727	0.051326436310497985	0.022710156832090322
G001244495	0.03029443187743985	-0.006382253708634204	-0.0003185942622313966
G001244995	0.011434662925358245	-0.02336651411751868	0.03552852411415159
G001262015	-0.039496704562035016	0.01546168448582086	0.04622192031692173
G001263395	-0.05265957871899448	-0.0747076273703082	0.030982054365995472
G001267865	0.0012116712184543233	0.029870826737651845	0.021462561204271254
G001275135	0.01114885638876939	0.01494663661471855	-0.0796546104640448
G001280875	0.0074714742045422404	-0.04317941055548837	0.0334115584169063
G001283625	0.11896956087710686	0.01688706419715967	0.016435359015616935
G001304875	0.007711566458926239	-0.04558267800373412	0.031281854811172134
G001305115	0.03502633337918372	-0.05095197456826937	0.02798044251911088
G001305135	0.08589657216350344	-0.01933580101214809	-0.014475442283838848
G001308145	0.035212424311022714	0.011428975380621709	-0.02891043738782375
G001312505	0.05942918683766911	-0.0018043133280908972	0.03772278639402347
G001314975	0.0614528763465923	0.010948845020628827	-0.05746160047296469
G001314995	-0.004410566142796889	-0.007213513057843856	-0.08738810710876534
G001318345	0.0034418736403994035	0.007746112039198445	-0.0572014023330885
G001398415	-0.008007583558080945	0.009255521970071042	0.004530019071517348
G001403595	0.012918053882242509	0.008142001943544624	-0.016829499695505103
G001404335	0.027569415435207734	-0.011559510673910757	0.03762123356773328
G001404455	0.017842480860222974	0.005221587664194926	0.01588084627740274
G001404695	0.001089420588216375	-0.028339932305027172	-0.015938083056762517
G001405375	0.017734237988060318	-0.0359077641874648	-0.02160282222988476
G001405615	0.030443755201564907	-0.007281932178184882	0.017899575239151946
G001406335	0.03214455069638535	-0.021577272365554675	0.02102462656522906
G001417815	-0.08576705341574696	-0.05260777820271616	-0.12000207071172694
G001436895	0.06814124848717908	0.09294525553727073	0.00021916934834052948
G001444445	-0.0253670190725532	-0.003952787126704171	0.03851460245130317
G001454945	0.043101889992522985	-0.026231114378684035	0.022752730704914608
G001457795	-0.023689851762933804	-0.05616111863830427	0.03258348606987624
G001481375	0.02497340434920927	0.03202998276973247	0.006376870337475552
G001486665	0.04234395570203775	-0.020333822889217132	0.044230681461287356
G001487125	-0.01151942484628957	0.006795326368220663	0.008871759767746056
G001494635	0.0015687117626687712	-0.02948064909620464	0.025088125927518825
G001512635	-0.047069668089587346	-0.03244475405745189	0.042367338738141115
G001543405	-0.043288693816992595	-0.0092849045458604	0.035709708257998476
G001552785	-0.006866929270551368	-0.043151576112874346	0.030158072156793694
G001553935	-0.016011657835579188	-0.02734690410224553	0.02062971754089275
G001558935	0.061482824968788104	-0.011969397538588201	0.0371148830366923
G001571285	0.00605763532067561	0.07725204844507354	0.024492715293301232
G001584645	-0.006069205707133697	0.025158245922991793	0.02914946635308405
G001586165	0.05592299995205945	-0.026580274541704363	0.041224848066725835
G001683355	-0.07185571290930483	-0.002299310354184362	0.010396154182398998
G001688625	0.05704170088152703	-0.013806907764404758	-0.09162058975222502
G001688965	-0.033554543433863986	-0.05454366389043372	0.02104361549069004
G001689425	0.05178981307062747	0.1074742886682292	0.04336427786916241
G001689655	-0.005070460186308865	0.010204844980369776	0.002565803917731617
G001701255	0.02265671690134946	0.011785018669011554	-0.022630421094817395
G001701295	0.003025049324546148	-0.0025677548402833965	0.026366097342102393
G001719865	-0.022117110572851213	0.005119960026934445	0.037372328568736776
G001854465	-0.01246047473782854	0.0515270383503325	0.01123676147003724
G001855385	-0.038205039485152144	-0.05240003948231063	0.00909750270735995
G001884305	0.06745513022534594	0.0910828931594768	-0.00036213833827167306
G001899425	-0.0013511466649480624	0.012771868029227905	0.03463448770617462
G001908775	-0.015772109999940734	-0.028878625629572587	-0.0008110048190595207
G001915415	-0.01645237942531678	-0.0055718337328090955	-0.03290356218059586
G001915435	0.011279215552814284	0.003779792219915865	-0.052984732436719015
G001915455	0.02007702780748494	0.0027692729965312817	-0.07557415046214709
G001915495	0.042521394047884825	-0.013820488397719833	-0.07645639900927555
G001915575	-0.002167634028173262	-0.0017073685550885417	-0.020513158623337392
G001915615	-0.06265358912519835	0.06447085679502505	-0.0011171503586764355
G001915655	-0.002857904616761719	0.018536966495453687	-0.031924420799574464
G001916495	-0.03221192405490401	0.020343386766762336	0.03350110746656094
G001916615	-0.05383951816048908	-0.0006102233706283876	0.0008477941599248608
G001916865	-0.03005338378022534	0.00380254192444134	-0.008334457413893924
G001917125	-0.10143882972137502	0.06957804572740472	-0.02091157415902701
G001917135	-0.14019131671897966	0.08995728487241166	0.008331589098633177
G001940855	-0.0692294319227783	0.03715429026226406	-0.008078106221522784
G001940945	-0.027614068498545453	0.06710880278574123	0.04150269468960735
G001941055	0.03063929470208655	-0.007557657246705085	0.0010987861232555477
G001941065	-0.05838054336121252	0.04907327901713171	0.03833137860258329
G001941125	0.0071085223723459405	-0.002581105150801149	0.015897450657184956
G001941225	0.002820467206520406	-0.006549020640032384	0.00936863695476889
G002032965	-0.002255405739694675	-0.018055314958299106	0.009046876546084711
G002159555	0.015136921671870451	0.01953951730967549	0.001712879270409454
G002159625	-0.008627354601737332	-0.05226845627642132	-0.02440865160514254
G002159645	-0.002538050789280415	0.0017480322552009134	-0.018054728329894746
G002159835	-0.012660956136143276	-0.01804930621107342	0.018295178856618494
G002160015	0.01350720231475003	0.00942996947236843	0.052256438640899586
G002160025	0.01350867492116437	-0.022093867465614297	0.020096827004708294
G002160065	-0.014758650931378436	-0.06578269134135466	-0.00768239920559944
G002160525	0.039453956402826326	-0.005223533736150358	0.044848472867075974
G002160755	-0.002585540639994047	-0.03399567191454633	0.013525598661132308
G002160895	-0.0012086713562680137	-0.061890100073924384	-0.0203723791055821
G002160955	0.008639683361931598	-0.02947531649682649	0.023271347106683854
G002161065	-0.02572814466004569	-0.06265504189995155	0.013735761214295076
G002161285	0.009731879394192082	-0.019253780036278062	0.03431738973161882
G002251205	-0.05013224489531316	0.021956916542825396	-0.016576371830582744
G002251365	-0.023308233268858884	0.01918710225526176	-0.011276939948639628
G002251435	-0.014960850220474666	0.008655355976626792	-0.020351564482368526
G002259605	-0.05247909394504542	-0.07310823498311914	0.007630571720910928
G002259685	-0.038714834055350075	-0.0672155166100438	-0.044942989883304654
G003014445	0.0373200637934979	-0.04950552446256585	0.02985080253916234
G003072045	0.008554960165725628	-0.016710765286290084	0.005901083146264752
G003148945	0.01744332092570087	-0.00997398449943876	0.011898242932972031
G003150645	-0.01801215968599049	0.02545653027715324	0.028378415501534845
G003265305	-0.02003978330268676	0.008899569861114922	0.01333147526138729
G003315635	-0.04064642878200093	-0.07702170178407994	0.01812235422440481
G003324125	0.04545959106420729	-0.00580617222055793	-0.0023386851868693877
G003340315	0.022579512973800363	-0.001813670973037354	0.026952858200875125
G003343915	0.0009671195320043727	0.00028322612551936197	0.01551175435116742
G003432035	-0.0014098116743678749	-0.043345181672382195	0.016433321169215084
G003434045	0.024619998717191227	-0.043210242873260786	0.034689661949962085
G003435055	-0.023052805488780626	0.0198544757216627	0.017776747060851365
G003435925	0.034260925632325454	0.004095134104554922	0.05099595457708386
G003438995	0.014685945651103953	-0.0034149235237444942	-0.022806867513311145
G003457795	0.04772457912146765	-0.029052804487846296	0.0489383143062568
G003458885	0.029895754969165796	-0.010753705923234042	0.032454777961218595
G003461285	0.01917440552084381	-0.026198205488180082	0.030823762621688382
G003467125	-0.03991707288534603	0.004378384829126852	0.055258743592959646
G003467845	0.003001662704905191	-0.02281441269091143	-0.009404885765807157
G003477885	0.028142591799640387	-0.022488513478119518	0.04221965406278491
G003478165	0.025308398564455797	0.00017826808401546742	0.01548535239451882
G003478285	0.01472533427241847	-0.020463238718154125	-8.13944065618585e-05
G003478355	0.003893730728434223	-0.015108773078522292	-0.03750936905666906
G003479825	-0.0028449516797233168	0.012981924768714154	-0.09095147772531635
G003479885	0.03124693503863119	0.002345850933673842	0.04105105818399034
G003481355	0.0294135919204065	0.006897706122174866	0.039785220969536704
G003481825	0.014701155698060572	-0.04735801927104775	0.007948124377151729
G003481995	0.006295093485527752	-0.01657370110849025	0.025384075740332707
G003490145	0.028447043795282446	-0.014158616605642263	0.014477496196735285
G003611805	0.04908068792918515	-0.018575670172453936	0.04938978879752877
G003762615	-0.005027660599580366	0.044270956049545715	0.0035571320062959023
G003762715	0.009654948417248737	0.04033673872645082	0.0029090820707914932
G003762745	0.012152522969904066	0.025031895250466504	-0.016287277901387263
G003762875	0.0064962761390448195	0.02854404685102222	-0.002527799750961763
G004102775	0.015657503955253848	0.08728694950677937	-0.022616593254820957
G004102785	0.010510374511458174	0.017440532639946	-0.04702702862090375
G004102805	0.0011809307084125259	0.020182897370692558	-0.017207782527859938
G004115465	-0.008930383734906832	0.006497537532478899	-0.02894713075477387
G004127505	-0.00699694770364454	-0.006479300978637985	0.010307868410190683
G004341685	-0.04804718809012693	0.024689945805110133	0.04362965168206296
G004552135	-0.03432619503906764	0.018338240647186203	0.005070708892193863
G004552795	0.018793879375561432	0.013155796059208852	0.014016082189464147
G004553245	-0.003945282131771229	0.01238977814678479	-0.014290577632776663
G004553345	-0.008301167101418884	0.06569972653468796	0.039143956518920824
G004553635	-0.06969797847842685	0.07961595453616607	-0.043917191582329006
G004555055	0.0013673119538022268	0.006093924792282806	0.0020658773249584866
G004555765	-0.013806241200753926	0.0014344700156068018	0.026089382127644025
G004556045	0.04260064590915642	0.0012364462558482352	0.052828324166706485
G004556245	-0.08891733874272854	0.07991694361581422	0.03046387486614411
G004556445	-0.026463758614440055	-0.05364768024321189	0.006178092378449075
G004556705	0.010506269797583921	0.01772255181033322	0.011278136959382304
G004557065	0.013704866920873672	0.03265925808146725	0.04680183752266179
G004557245	0.023332757087291007	0.016024016593463322	0.030777810064271
G004557415	-0.013286772151752528	0.011287547990463312	-0.03142769533747656
G004557545	-0.10181359069147955	0.0721676574837793	0.03602032976586032
G004557565	0.020518966259246374	0.012985013551837269	0.03881101526452298
G004557655	0.038286097173029485	-0.03543888045914914	0.03825597529918517
G004558425	0.03134793702397093	-0.015809078769372546	-0.013013999894939855
G004558535	0.015347034844480726	-0.005443915121089417	0.02237411544769402
G004561075	0.019666114184493134	0.007020017207519549	0.02691885987139211
G004561445	-0.07989012980515557	0.03991951100681917	-0.009026741453943282
G004561455	-0.060604363753253405	0.04939717188625849	0.015349847104061275
G004562255	-0.03878514132031608	0.01653117659567634	0.029671723303622183
G004562975	-0.019500594874486646	-0.01289667520084034	-0.00708768899122819
G004563195	-0.04392111793961124	0.0418061097700299	0.0010878047038384048
G004563615	0.03304979764730817	-0.008138283311632877	0.001326887963361465
G004792655	0.008032937898604053	0.015487279104840027	-0.03655652945924627
G004792675	0.040618525651237476	0.09573709264784859	0.04273477439148388
G004793665	-0.0024117567955308583	-0.03146540747912863	0.016618754535674848
G004803695	-0.0011268074561648534	0.008623291591564133	-0.020924514092722765
G004803915	0.034477595426431244	0.04310125363304105	-0.0025694105578222097
G005048345	0.04128480423555639	-0.012089758957767283	0.035304590689092925
G007293315	-0.01777730872865352	-0.03235918875817694	0.009082534730679624
G007559425	-0.004528185089115236	-0.011984142748738168	-0.03936264905695746
G007581405	-0.03223826440445753	-0.027144526305045727	-0.001701685556571979
G007896885	0.008464601520821229	0.012032601838004987	0.0001531258030931241
G007998125	0.1159870383549176	0.01543772586138209	0.014437607943174117
G008040105	-0.0028682315314722848	0.015180553715976396	0.012255631483987846
G008273775	0.11835542052951124	0.0174402457159475	0.012675959223748158
G008667375	0.01378286811188045	0.0029879171295173522	-0.016959014399466232
G008679325	0.028378160738322566	0.011211944636490756	-0.018044886291799896
G008698165	-0.07446725103762669	-0.11121470579688468	-0.08059929948675172
G009695875	-0.000255996586450227	-0.05534196079708212	0.041204609944512416
G009696045	0.011715857426765727	-0.02821563373389367	0.0042604455728361594
G009696485	0.026698719415659742	-0.03536982545441355	0.038092448661943404
G009696565	-0.013026935890002016	0.007631656815978247	-0.01995951657460796
G009774765	-0.00659875489958397	0.03253341313790682	0.0248654706130168
G009774865	-0.0033255330990963595	-0.02157960180906344	-0.0505868568760082
G009831105	0.005445831647739853	-0.01890585017116784	0.012338050940439972
G009929575	0.021307857267607935	0.01519001789788661	-0.021689923424811783
G009930375	-0.0355763017197624	-0.0011882360224897324	0.023226026747412604
G009937725	-0.005687141974398179	0.031253423363607945	0.034790854140047255
G010367435	-0.029728459318577396	0.057229496949259745	0.025060914922722905
G010500965	0.0129761304377935	0.006338281041644121	0.015535421556580766
G010537155	0.008507655521592468	-0.03513143582090842	0.004221976383584524
G010592515	0.06328803136827346	0.0685616120743761	0.03097623070393167
G010667615	-0.04906968479643785	-0.06460200321050702	-0.004925054575012997
G011959405	0.01641516754301379	0.030492973252385754	-0.0188941062585732
G011959465	0.01986611621033816	0.016663569633686356	0.02833513999267231
G011959565	0.010369910791239	0.093917318011782	0.028645944967851084
G011960185	0.0008124270694125913	0.01681498606728747	-0.03558973286948315
G012102505	0.013652438705296296	0.01967350092988312	0.015998784648389056
G012161415	0.0972493240472219	0.012109797524096744	0.038751633668427286
G012357415	0.11476704034073484	0.015965369186870873	0.018069069456611884
G012932365	-0.0540130497371508	-0.07176887480780032	-0.05425332365282878
G900021155	0.017355849374694896	0.015148627334846806	-0.023979996465699028
G900046475	-0.007400007114796894	-0.06938166423805137	-0.026725359149223242
G900066095	-0.0005394990972395635	-0.011880181393486032	0.02510560598658273
G900066135	0.026677673005586378	-0.008296960149578762	0.007150973792642145
G900066255	0.002628239507167509	-0.005457804450746412	0.04320241764156522
G900066445	0.015866956630047734	0.01732984314595113	-0.06590580035371806
G900066505	0.019278143472057196	-0.024003227301711588	0.01143312349575818
G900066525	0.01764654315180972	-0.0013762334019661333	-0.013995039830916675
G900066545	0.03009458724325606	-0.011352745627613504	0.029657115104958557
G900066655	0.01841790181335515	0.0048378690713409165	-0.08044844118257255
G900066885	0.025364142972509156	-0.03664225854576138	0.046168477664055615
G900079775	-0.013915792595102061	0.010971192862935282	-0.07574441901163446
G900086585	-0.0062438652070737665	-0.03792375053833649	-0.05174372392140479
G900091655	0.013438924865450837	0.02027013576774529	-0.054867439494612764
G900091675	-0.02830808592517056	0.0010757979617387603	0.0032704374647518804
G900094885	-0.014157605428544034	-0.015717769594973584	0.03594838023225142
G900095865	-0.009874061284881462	-0.0355782669480084	0.04390683976860444
G900101655	0.023640698506039795	-0.005341459992111964	0.025291959877629104
G900103315	-0.03807491726425078	0.009247230080360488	0.033830381601854066
G900103425	-0.05394367947150923	0.09671513942343961	0.00931431543249468
G900103535	-0.07321822731619625	0.01768139477953701	0.04854225557539553
G900104585	0.009213642677457333	0.009355126037775776	0.016826029438783367
G900104605	0.004217120970106014	-0.000678407239423185	-0.018912477950930262
G900104615	0.07758115253232682	0.04096318290548917	0.007192993950561757
G900104675	0.028638250603631916	-0.021574008886786476	0.015746440472085968
G900106785	-0.031499848030767726	0.054653831073155704	-0.06299368634100207
G900106855	-0.01929377136425889	-0.07076217451355846	0.01833380724973282
G900108345	0.007844575482960527	0.019022830390607242	-0.08800565535512125
G900113155	-0.00036414991902832233	-0.06059619649710218	0.00939507125414126
G900116045	-0.07168747181458367	0.024800312133919648	-0.040035632299326974
G900119895	-0.01129078117042629	-0.07052005802300364	-0.03379423575349462
G900120005	0.027220890126476015	-0.03748191267320957	0.03650959232148907
G900128475	0.0072133408581778755	0.008072852168506726	-0.09632544792096251
G900128485	-0.10663313737748274	0.08092954724141653	-0.057198711092801786
G900128905	0.025039157876067107	0.003110604504949781	0.01740869005958025
G900142165	0.026763663865747384	0.003988471896524222	0.04006697586591805
G900142265	0.00436236675391197	-0.06968447190902294	-0.012686884577210964
G900142485	0.006337749561600866	0.005141774941061325	0.017188565203408963
G900143685	-0.017918525902354186	-0.05849486795538936	-0.02348795811743371
G900148495	-0.004830214205714034	-0.03961873959209658	0.011213944764029678
G900155635	-0.012758829874931443	-0.038306116602677055	0.02392152054736075
G900167275	-0.018343897548482986	0.06002301155870592	0.01960640825015221
G900169495	0.011879478931485806	-0.038084838355991836	0.04215109101459468
G900169975	0.031226727343072913	-0.0022570380734346935	-0.003984875767988774
G900176655	-0.014101177594285537	-0.0823291987503359	-0.02697711342686654
G900199495	0.04537865581867143	-0.012226991079831823	0.01588437683964949
G900227605	0.06317069083133714	0.01445115985113033	0.02920556884059006
G900240225	0.0110957229047443	0.012443783293899585	-0.033392606068115165
G900291465	0.0013666044767547945	0.0063866120932281846	-0.05563588439485805
G900292045	0.020079141865835988	0.008865428600289335	0.026985108963075287
G900312975	-0.0030748447546242127	-0.049350933964673944	0.019475216595337762
G900316315	-0.0328512233750994	0.04347579193290146	0.04606909699182323
G900445225	-0.11947210904848282	0.07562494484873118	0.001089279289876702
G900538745	-0.0002454940276653345	0.017104026107807292	-0.005350930023072232
G900538765	-0.046090770885395996	-0.04148801262480332	-0.011157548398530859
G900539795	-0.05585871599228584	0.053540258156775815	-0.014741995956376751
G900539925	0.007537573236423719	-0.05728750328908321	0.019302998665704695
G900540205	0.005211416771383462	-0.0032364368405282677	0.005328620759103153
G900540535	0.029543716451784132	-0.014356859630096126	0.01680151354207128
G900541935	0.01922770932132651	-0.010775584980142925	-0.02943788148962042
G900542815	-0.01004210848749137	-0.004144593338081508	0.0238090865096487
G900543375	0.006953246012300328	0.012443046545309493	-0.02121572111323873
G900544565	-0.08859694575950963	0.036506267967135415	0.0037901077624942106
G900544945	0.013948319377012961	-0.008525552273006302	0.03429423223247351
G900545025	-0.03941836371428303	0.015518281408881783	-0.02214079441817766
G900545585	0.033681406135716185	0.018153192261104432	0.04802011678578723
G900548875	0.015161605195442629	0.02032762733987783	-0.0545114460490556
G900551515	0.009458297230123189	0.005065524869072217	-0.006551523777584779
G900552255	-0.009874335378103631	0.006854302431193533	0.010039677466335212
G900552655	0.014012016787810283	0.07506656423458213	0.03488142640370754
G900552765	0.00990469133623998	-0.009923558080885301	0.01295848474623202
G900553625	0.002422315394563972	0.021155563275123013	0.010907524616035915
G900604335	0.016256380181703108	-0.019229833963538508	0.014927029430733495
G900604355	0.02823885449095777	0.01834718866763339	-0.023143343482789454
G900606105	-0.0005634163359504459	-0.029279600250991803	-0.03078444560806523
G900683765	-0.029148721062295286	0.006417640234122501	-0.008126166151416835
G901212675	-0.03754876299151162	-0.05148002112086561	-0.010354316996655647
G902160675	0.013549515942915957	0.052344969658749595	0.00921151689769178
G902167945	0.01410092496066068	0.0010230310129452716	0.0232417470464371
G902167965	0.03674150023529473	-0.024609174106045278	0.0005419747035582067
G902363025	0.019419023456963565	-0.0260281484652448	-0.032863371590182176
G902363055	0.02226825050199572	0.04967741830325945	0.04024029619192507
G902363075	0.009143519490518021	-0.02902907556595786	-0.011691720127311307
G902363425	-0.0032674466411354844	0.00822753040339033	-0.022563176954868293
G902363555	0.0065287000011456575	-0.029177064379361902	0.011244667120107502
G902363565	0.0025010705361199607	-0.035316004079075	-0.011112332624740522
G902363595	0.034918208376497416	-0.01833137666680482	0.03820728533039465
G902363685	0.0339282855273745	-0.023273572575480243	0.01918066149501532
G902363725	0.04915451650066505	0.008547193151055538	0.02147227892352821
G902364485	0.02517732879657845	-0.017785974840133174	0.02230213780617218
G902385285	-0.018743843690647348	0.015353980994753824	-0.0823216602448404
G902387315	-0.011095990656646735	0.05145600532740877	0.01890610894971657
G902501965	-0.006874411897817211	-0.07661776270241905	-0.03649066313740208
G902762555	0.020937976296210338	0.012396763939513994	0.035289341506093176
G902777695	-0.025068988300184173	0.04243370226058002	0.028975139106273227

Site	11	3
14577.GK.TP1	-0.19430093306200646	0.2708499155245875	-0.10316444869441446
14577.GK.TP4	-0.2844675076002624	0.025377684554111574	-0.20660187759386855
14577.GK.TP7	-0.19673634705889884	0.3699244926538073	-0.29034228078884944
14577.GK.TP8	0.06265433648512395	-0.15046304823469325	-0.21759186165073313
14577.GK.TP11	0.3733652543249589	0.4046815875943572	0.3260936222413686
14577.GK.TP9	0.04250017228047993	-0.1410670988002647	-0.28276903510272605
14577.GK.TP10	0.3054940105596793	0.3696031301108365	0.07068942007533688
14577.GK.TP3	-0.6301618147686596	-0.07279487955168956	0.6388873264805559
14577.GK.TP5	0.05632083824369957	-0.5488343452144979	0.04992561199280125
14577.GK.TP2	0.014014126133007315	-0.24479106529094224	-0.31887239949563817
14577.GK.TP6	0.4513178644628784	-0.2824863733456127	0.33374592253616897

Biplot	0	0

Site constraints	0	0
