Eigvals	3
46.638575775112145	43.490092896755435	19.161143406981992

Proportion explained	3
0.4905969108409743	0.42659417453505705	0.08280891462396874

Species	624	3
G000006865	0.025289989706317573	0.0310966993283668	-0.0005093103804527747
G000006925	-0.13402246585120947	0.05198630462730736	-0.06219861107041296
G000007145	0.04660105813680171	0.07063584253032808	-0.04503287035335105
G000007325	0.041812207241048775	0.0013800561274575091	0.021411307389587263
G000007525	-0.026435074431901538	0.02245861961290034	-0.04423172101034882
G000007785	0.022393673160974195	0.007400430887906609	0.06439392907385286
G000008865	-0.1319253611732659	0.04844479388944699	-0.06510896866969952
G000009925	0.011547267211501068	-0.04136933661829073	-0.08979887119828256
G000010425	-0.0012977138131822132	0.03813713232225342	-0.03751184609424612
G000011065	0.018501767090897743	-0.04804843543504358	-0.08125571576323946
G000012005	-0.13226341616129964	0.050299773432356504	-0.05832154939977078
G000012825	0.015524634278417498	-0.051483877001031055	-0.15701425449817044
G000012845	0.04134573664281964	-0.020292102140313416	-0.13985738987889632
G000013285	-0.09940787948224883	-0.095250963824458	0.044655574055312515
G000014205	0.028040619793450544	0.09166260208391928	-0.008872657868271799
G000020225	0.020034173456254804	0.09811437837430412	-0.011233392619723195
G000020605	0.03399836198748555	0.022710616076081998	0.004819745988152278
G000022965	-0.014334969577286529	0.0049769764741422196	0.03191572663428747
G000024945	0.0004206070349920958	0.028642095023936102	0.02801562494511438
G000025205	0.01131423074477996	0.01376377982999758	0.035167042278640225
G000025305	-0.06647574484548573	-0.02686788940329604	0.03767741423136303
G000025565	-0.018066173936206714	0.1282765299450467	-0.026958401208488497
G000025925	-0.04363388163746197	-0.06983303208419366	0.06378315436883077
G000026325	-0.13138915874714124	0.04956769419014902	-0.06479742285865846
G000026345	-0.13331347064136223	0.050668009500041265	-0.0613270355397311
G000144405	-0.06259914202265214	-0.005408360656353403	0.031205616870987808
G000144625	0.009079776640001307	0.03856015351852488	-0.005147304662638552
G000146675	-0.00599186831299835	-0.046827717070618356	0.023645156736271454
G000153905	0.012355295892067974	0.028537612204343116	0.005901245030814955
G000153925	0.01047769101474126	0.02182473108530472	0.033116088372380115
G000154065	0.010401061604722487	0.033201893011155593	0.030344500136403465
G000154205	0.00533769954948095	-0.046173607149420405	-0.1425594689198675
G000154245	0.00020312958834616532	0.0012575898351259668	0.0177327093574924
G000154285	-0.012185783936451575	0.006138568372289767	0.02565832118701027
G000154305	0.03303237225897864	0.05417755116546261	0.028735916457705415
G000154345	0.005214021562404226	-0.017929867596172013	0.04522210059454798
G000154425	0.03452108521553894	0.05215953585819634	0.023104193701232803
G000154465	0.0020791636786038964	-0.010264012614560138	-0.06146821734142302
G000154505	0.003469798137772625	0.03240323230738872	0.023944605964750294
G000154525	0.05773687148149179	-0.0329648647399539	-0.15578730300786683
G000154565	0.02077340152891901	-0.0003736615025507041	-0.043062776764738776
G000154845	0.03811342930033804	-0.00811572904850103	-0.09965702820943283
G000155205	0.02977281420619419	0.01724767176117077	0.031863482640084456
G000155435	-0.0012695027384644307	0.006100175409906462	0.00564703267428089
G000155875	0.006433394982004235	0.029494887362586496	0.020388201179581303
G000156035	-0.03105417144738984	0.0157978745647559	-0.012330715432038957
G000156055	-0.015346596005095756	-0.040208665505588236	-0.05189648197417904
G000156175	0.017848049193913557	0.03765094487385128	-0.03605041396211863
G000156215	0.017453587329899104	0.03476436378285394	-0.04549122344897977
G000156535	0.009419450428785496	0.026850266633932005	0.031784533284139736
G000156655	0.0015936624010107862	0.04650306532387461	0.02872418327112099
G000156675	0.009971129347545458	0.015745897801979214	-0.0014614431225683131
G000157915	0.019194113231002504	-0.043096501773209464	-0.08664947518946171
G000157935	-0.11701575862605071	-0.11592935850811284	-0.07802200661576249
G000157955	-0.0021290939367742197	0.017905760888986225	0.014603338578696579
G000157975	0.01176749851889012	0.03725165045015943	0.02543202583325042
G000157995	-0.0003959875859172739	0.006463709504057015	0.004015321164912424
G000158075	0.03090826898316394	-0.021681126644390546	0.041392300655205216
G000158195	0.0598228795649148	0.045510570432363534	-0.047725457483766234
G000158215	0.04631198353321498	-0.0023989822451899526	0.01494775029529332
G000158275	0.042353393483017567	-0.003826595480143991	0.021747577913377877
G000158295	-0.00814342789829741	-0.030451968825312377	0.049700615942602305
G000158315	0.017070633878400507	-0.028040088950669964	-0.014089316494564208
G000158655	0.014242303222276322	0.03118288708442985	0.03274506645831688
G000159055	0.007982731453966123	0.015313976728397221	-0.015862037738927165
G000159075	0.007990760671177894	-0.029988456992572687	-0.07280606487414966
G000159155	-7.888933376003771e-05	0.02552836923934528	0.05237301668487378
G000159995	-0.002614395878991346	-0.05093569530927504	-0.0039014678531216593
G000160095	-0.010121821295166597	-0.0067094445355997245	0.00733550553623488
G000160535	0.007248064465904405	-0.04526798401434662	0.030128042234515373
G000160655	0.028764441023893406	0.07470552932205679	0.014835380537615014
G000162015	-0.0002749361275434684	0.015011840357337072	-0.026418338806278606
G000163515	0.030015554080620312	0.011298021002404759	0.02714234203662613
G000164865	0.034755951678874165	0.04240983627520778	-0.00016837113999007398
G000165735	-0.03764291755294126	-0.026544572370852833	0.04448845437024938
G000165905	-0.017152918802220196	0.0039417346437401754	-0.02775297033039927
G000169035	0.007895681479524116	0.021487045130079978	-0.035007102376916954
G000169235	0.015470382290920967	0.028186634702449715	0.0031416731762159973
G000169255	-0.0037882021568825014	0.02853793670856138	0.010034371890252117
G000173795	0.047540428610229016	0.02912125530790194	0.004719746966546313
G000174195	0.00665677501884016	0.02043915540816245	-0.009331384427599374
G000174395	0.022186378999027936	0.04968083774227487	0.040735858559295075
G000177015	-0.007278631883998659	0.012308631597192442	-0.029174564061859087
G000177075	0.011566863248361413	-0.052065548804134165	-0.03100170873434911
G000177555	-0.04659096287733847	-0.004455984588016127	0.05080295969007746
G000179055	-0.039925310323433924	-0.07745759561005781	0.06127530452163588
G000183345	-0.1326014477255465	0.04676603927121062	-0.061622696368215706
G000185385	0.04329483188361199	0.05427416262163224	-0.0013454261290052473
G000185845	-0.018051998641333375	-0.02974062412456604	0.012918323772601156
G000186425	0.04792488430103376	0.03370506408398766	0.013831564504437534
G000187895	0.034194127177584806	-0.031154998284700974	-0.15191948835659963
G000188175	-0.01602872923440391	-0.009759783851269509	-0.0015785604400058045
G000188195	0.04306710052931442	-0.052132162273413926	0.03894269477980276
G000189595	-0.010393774881376085	0.021085413646329924	0.009641977508146504
G000190535	0.02694517788849938	-0.026023677429443517	-0.03591742343717989
G000190575	0.01095727427059003	-0.04252831280155181	-0.04183419243097689
G000191065	-0.02878816296717846	-0.04013262646670957	0.023905422535900188
G000195315	0.02440147384797359	0.03834445802301677	0.01865882855460541
G000195635	0.023823708519972932	-0.03500635513093949	-0.06040718529417836
G000195995	-0.08739881576892188	0.02962797849897132	0.007630458802696901
G000205165	0.021675303488694952	-0.04201934506616919	-0.09825011304690842
G000209385	0.006698047937663717	0.04503900758838079	0.04202189827856036
G000210055	-0.008315895886720142	0.01481953657851784	-0.010125065089838734
G000210555	0.012481288922868134	0.04394738008386949	0.03439173890613507
G000210575	0.01622546812179421	-0.04490203328220396	-0.0719063202963331
G000210615	-0.0034310943749691924	0.013821001977571	0.033782390221483515
G000210635	0.02791891449653623	0.027235293990599388	0.03160951994831898
G000215745	0.0324462370221538	0.027994298202414454	-0.0003120724307300947
G000218235	-0.01771072790541704	0.015445668596553197	0.015665136968832604
G000220255	-0.01476032167957761	-0.03698634917496383	0.03995373009734299
G000221545	-0.04727597418369962	-0.03027944326338092	0.048151031872430666
G000225345	0.001510152888457244	0.007023322296630583	0.017458983487806053
G000225705	0.016309237436429255	0.04078479860242549	-0.019403391803669935
G000230275	-0.004440217848505448	0.02625441497383756	0.024192095116919905
G000233455	0.0022606850186426054	0.014311200823635755	-0.012502391888838268
G000233535	0.032101824034733835	0.029478793082232918	0.01677945111986493
G000235885	0.010199354686074722	-0.04379673833458411	-0.07605806409436654
G000236865	-0.005133889452792523	0.007316945759276893	-0.02235005202141483
G000238215	0.012738630255523641	-0.009882051110507923	0.01954085778084455
G000238795	0.05247129323142765	0.021169627957212677	0.015055328728607901
G000239355	0.0011009211831892142	0.025261014167805615	0.031247070944576967
G000239695	0.028031709902186883	0.020502490982516608	-0.0010446937382932444
G000239955	0.02968219046097945	0.11293213941381931	-0.0521527847450541
G000240185	-0.05879095604333631	0.06970478363079846	-0.011634877785233805
G000242215	0.033443830908251725	-0.004351163715920915	0.040142044748346956
G000242235	0.0003797818771776961	0.019192920721267707	0.03726216099154911
G000242335	-0.05512586433622394	-0.07684214511970135	0.0403799637962212
G000243215	0.05223322494686999	-0.006661381122908547	-0.028000963399338965
G000245775	-0.04090950672567115	-0.09903288101831971	-0.04993715033385759
G000247895	0.03183251034007706	0.05699686752229675	-0.009450026694058084
G000250875	-0.006788799888058091	-0.04077498762483701	0.05015145402077416
G000262225	-0.005439776483507878	-0.031986233024937256	0.04617990462681514
G000262545	-0.02274729960212621	-0.028518033440144024	-0.01679240532165289
G000265365	0.026879413081781423	-0.028279191437584384	-0.05145998215616404
G000269805	0.03432765721434969	0.05436085497076096	0.007455805699116697
G000277715	0.0552612712488137	0.028992238477775774	-0.002053210287865704
G000283495	-0.06367411551734482	0.020080534971304635	0.03972564919332442
G000285455	0.025896490195901196	-0.04337040990255625	0.02358526000173712
G000296465	0.022263872303076106	-0.02524652140935208	-0.08109395417248162
G000296505	-0.004618828447467604	0.014389187589039249	0.03702222820258331
G000297775	-0.0033359239712274203	-0.013196307505807671	0.05198381635587559
G000299455	-0.13209601784649505	0.052340982836086555	-0.07250200282545993
G000304215	-0.00795471005848689	0.01888438075070907	0.04152696886420824
G000307375	0.013414043166296255	-0.04480489524432476	-0.0947435733158274
G000311845	0.019038532569535263	0.042430850837484005	0.0025958249172632363
G000311925	0.009715226569517925	-0.03951664460880544	-0.017214521043503992
G000312145	-0.007872359324903775	-0.044727248224033185	-0.00756815741052566
G000315485	0.008456066878539495	-0.04884764892268325	-0.0679167144732045
G000318135	0.07518326991111282	0.05020069731586321	-0.009508673432745855
G000321165	0.018082545810251933	0.036142740546301705	-0.015663681392797647
G000321205	0.021878399383888178	-0.020698532922105665	0.044180057939113754
G000327285	-0.011367541314187329	0.0005153428640244349	0.027907862132318106
G000337735	0.01196690113764139	-0.004796065417800601	0.05732433261393658
G000337895	0.04271388975667969	0.0102713818891984	0.05272629553993784
G000347695	-0.01310583639153034	0.005564880333710907	0.018661980591573268
G000349975	0.063417354879673	-0.02356268537710947	0.012605879211545403
G000371705	0.00409492912128427	0.007710808388265675	-0.020322669158476494
G000372405	0.014957609323571219	-0.01985471038572334	-0.02878618710094657
G000373885	-0.03492312981631862	0.023740848619337757	-0.021326984377348823
G000374405	0.023803338460790018	-0.01587362530130705	-0.028654239580831346
G000374585	0.03689044933116336	-0.022217017131011246	-0.05183413349223353
G000376885	0.01649963610763668	0.011118275309697851	0.03477404910240257
G000378745	0.011563231520233705	-0.018728384653039585	-0.012561336469953027
G000379965	-0.04786168738294178	-0.07775233741979988	0.06983501071726606
G000381365	0.08199206308500621	-0.030593276162511326	-0.1239191613532164
G000381725	0.007797484976822542	-0.054103548053046624	0.048971790195670946
G000398925	0.0008617242777446003	0.011248346482754077	0.012493478450573206
G000403275	0.03182348817522657	0.041227602097844644	0.0396901023660175
G000403295	0.021843399448465466	0.014870908855311782	0.020636496894370148
G000403455	0.006076456882431159	0.04210592107729048	0.031100388144691498
G000411515	-0.006705152640390937	-0.057354338556654255	0.045873023024013436
G000423385	-0.026051199011783713	-0.1037168910458673	0.033945195551969884
G000425005	1.6939629325872347e-05	0.010669851348062242	0.010621232260364474
G000426565	-0.07423253982185048	-0.0004684896573090358	0.03804861034904262
G000426585	0.004789500787239628	-0.050193540918427204	-0.00424499619526144
G000427365	0.02877428479272819	-0.016616615919043023	-0.03484311559155412
G000428205	-0.021876105327857664	-0.028283301118587224	0.04761229454135015
G000428565	0.011368381281136096	-0.03755435938564627	-0.08285144094495955
G000430525	0.024255081928078622	-0.014537286802132645	-0.028255640478216045
G000431015	-0.04761628604364988	-0.041671612006974	0.05261011059532011
G000431175	0.08224351760163996	-0.0574464063737911	0.03223481414671494
G000431495	-0.046750417801603134	0.005615866923586079	0.021171449582981016
G000431915	-0.1118517588719809	-0.13287388183450732	0.027994323784930487
G000431935	0.06239604207774685	-0.02311066335286247	0.0069980778658084615
G000431995	-0.009437463472844647	0.02149831955667384	0.025187997347367465
G000432055	0.0020515675858077042	0.0038420721762132256	0.009234018764396017
G000432435	-0.008573954009756874	0.014624679707314013	0.0027594616905643314
G000432615	-0.004839806085510782	-0.04826939178569181	0.055473867876340364
G000433375	0.06517138895964165	-0.04277173580933692	-0.10302057406984678
G000433575	0.023097460113604747	-0.025715068670500225	-0.024366130015543098
G000433955	0.00395091768120913	-0.08811639614182772	-0.08710575179290336
G000434095	0.041427357157873414	-0.007352376336227445	-0.024238089099532897
G000434135	0.05024985687951029	-0.014118676313056945	0.012995574706105767
G000434475	0.003959933681230827	-0.018757508879485754	0.031664688372982266
G000434515	-0.10950273436748624	-0.11346042713600606	0.01893537090900172
G000434535	0.017368128900844427	0.03959470351244097	-0.0024133139498560825
G000434735	0.014166275846050437	-0.026702362840180526	-0.003778683743812249
G000434855	-0.02032967326887753	-0.02017864995945662	-0.03546934313538906
G000434975	-0.06910998128253334	-0.07369119189492597	0.005795110203630243
G000435075	-0.01928237478246463	-0.020375612473391935	0.01880579278051765
G000435555	0.014120497332020367	0.007773702507323805	0.0036251355233179634
G000435635	0.03283254709750023	-0.02285899648506981	0.006840050153817224
G000435735	0.008708523150995984	-0.03330831538003161	0.007055485257758606
G000436035	-0.05408986762247698	-0.03722320499423575	-0.017070554814289207
G000436055	0.06663469340081916	-0.014865580939891642	-0.026514351015876302
G000436135	0.021168234718403692	-0.055981154200652125	-0.1347644659467438
G000436195	0.03279413368471626	-0.024212088742663576	0.0034490150926453937
G000436295	-0.01202076727926488	-0.010028823303803594	0.027598386519338262
G000436395	0.06052313267010043	0.1084863383174774	-0.01137642043728625
G000436435	0.007452223416969791	-0.030798085493261254	-0.08492102406616632
G000436695	0.03993462691687255	-0.030778425769174975	0.022179856110691586
G000436795	0.045736321066824036	-0.037559921850520046	-0.04033876197066471
G000436855	0.011916288723862935	-0.024150544352013064	-0.08981313134226569
G000436895	0.025814908134469784	-0.046041424718737727	-0.12535325953611337
G000436915	-0.07727779533034657	-0.008699550601562479	0.028029202773964822
G000437535	-0.05862958476782842	-0.024104371729968502	0.00567272139902154
G000437675	-0.06871602064052572	-0.08045762609584177	0.01402254213820013
G000437715	0.037203070820611826	0.01915727416672766	0.009079881579426725
G000437995	0.0420456451180173	-0.04420484550026807	-0.0461296517588367
G000438035	0.015465497696526505	-0.05121495279998165	-0.15204471660601945
G000438395	0.11056519811838038	-0.030564895444975614	-0.12680010103785347
G000450985	0.048852361232839814	0.0011502216573496657	-0.04778016913773129
G000455225	-0.06110435570597601	-0.05825711753149239	0.0636870220302809
G000455445	-0.009364215160877301	-0.04839871494599377	-0.007984672749744825
G000463355	-0.03211712826312775	0.04069438202383286	0.013951468334996464
G000466245	0.02504003908118561	0.06386510735910005	-0.009557881960973335
G000466465	-0.003135029612992639	0.01546352107129059	0.03432744615276389
G000466565	0.002042936632085474	0.0332398309812429	0.01680354712364188
G000468755	0.01926344306607897	0.03391498452388234	0.034360670826806
G000468855	0.016084551985575707	0.015686512683620413	0.03410210460578231
G000469445	0.016839362231941095	0.07339547736071732	-0.014092032679242921
G000478965	-0.06586960868107163	-0.025872383331037557	0.05869358786755341
G000479045	0.00240493631077116	-0.028566274072846388	0.028541563002194084
G000499785	0.026286874307342913	-0.01605273305985232	-0.031482316599780236
G000511775	0.027433618831208793	-0.03428980201082184	-0.018419812334423656
G000512915	0.025066516461101637	-0.02262900198430654	-0.035887606114811274
G000517545	0.04454214755344358	-0.028664745114732857	-0.010884768085441116
G000519105	0.03322310026216519	-0.033180839537738586	-0.04883432679562057
G000524335	0.03322880274928292	0.029167756609327963	0.03749109475513414
G000526735	0.0190205528191668	0.020784585502349597	-0.0942923596528838
G000565075	0.02239384815893637	0.045344671855242935	0.027448542257226333
G000585355	-0.040040757077928237	-0.051481056439401575	0.047157551935926266
G000598465	0.019892719509680457	-0.008839735323772224	-0.05446660830498506
G000598965	0.02157234263749528	-0.009937264053843146	-0.055862558741629764
G000599385	0.01647375546433282	-0.04028637254438958	-0.07714810294755652
G000613345	0.013539998785266273	-0.021616180338779163	-0.017371755512957783
G000613525	-0.07677432445498449	-0.0029098166089613596	0.033498308841179394
G000613785	-0.05412443098021814	0.0015638195792131383	0.038226136028827774
G000613805	0.03290849266825394	-0.03189699030537553	0.002844922866490779
G000613925	-0.04839370046718771	-0.06068546183047088	0.056995170884904675
G000613985	-0.05019846221916319	-0.08017847162214871	0.06389466121979515
G000614145	0.02997134248922882	-0.030818267141612732	-0.0554493095130432
G000621445	0.0032007888181638453	-0.05394970056897255	0.04642243838864624
G000622245	-0.0006965507129346798	-0.05233711074347797	0.044962960998719444
G000648175	0.025469801613170678	-0.086719439250219	0.05437111998604233
G000648515	-0.07033750045144845	0.05936089945574369	-0.009398754127750703
G000686565	0.03921451406553213	-0.022649133845935573	-0.04752574167070148
G000688375	0.01910397294394506	-0.11234485341636315	0.02928773208499987
G000691645	-0.009194141924165008	-0.024777862692846566	0.04965433773813034
G000691665	-0.008919110133282424	-0.025416960671608493	0.05135075706123551
G000691685	-0.008406906230573424	-0.02837336612766735	0.051161309837438856
G000691725	-0.009613085481940883	-0.024962154901681115	0.05187715817208533
G000691745	-0.009203286702719232	-0.02526113999341017	0.050621156657211744
G000694955	-0.0508012914949787	0.22446413012348568	-0.04950624591418416
G000701665	0.025128718625699577	0.04446296611509117	0.017294962165798934
G000701705	-0.026744904695363645	0.025716147908428477	0.013756896646254785
G000702025	0.0067012882431759825	0.02607574092627036	0.04057345026865508
G000723745	0.07563178490171642	0.11681181637264278	-0.0012479276400072412
G000735365	0.02918027699120039	0.0736954311304808	-0.016340518840155787
G000735455	0.04228328076600277	0.033932627119040236	0.007476220213824658
G000735515	-0.0038594449145817546	0.10208193278726932	-0.011433384459951181
G000737865	0.004227551618907181	0.019999291074846656	0.03598077575519824
G000738005	0.028973741975079743	0.0167848452958544	0.03774997385394852
G000741135	-0.021331597439708444	0.008010130220209171	0.02129627355357759
G000741165	-0.035089964402652246	-0.015618337990577746	-0.03183471669881033
G000741175	-0.08028311340389115	-0.048763100653659214	-0.07518753617635825
G000741205	0.0006209343166920065	0.009771624891107094	0.04106892576429556
G000741215	-0.005072839618696186	0.017402981335475694	-0.01602614644747587
G000741255	-0.02147170206503472	0.009812425582906698	0.05291080122873021
G000741285	-0.00019596570154106646	0.014616808485978254	0.028874959983676417
G000741525	0.001118925729537693	0.02233186080243749	0.040198520893279716
G000741575	-0.007960199378466214	0.010552294338419588	0.01055376250089674
G000741645	0.007116094174821876	0.016589651350641756	0.02971865188307466
G000741695	-0.0407803070506269	-0.010924238756352038	-0.0941642069300615
G000741705	-0.0011612048957789656	0.02234406384038139	0.04597166319731773
G000741715	-0.0243349708685851	-0.0041232404298554536	-0.014889773316486488
G000741765	0.0022224630984372953	0.022156971809434434	0.035858412499636276
G000741775	0.008954132009200635	0.014680606365640742	0.023676282261995862
G000741785	-0.0647657479153678	-0.04059499316856153	-0.06011934131698454
G000752675	0.021721074262440996	0.043406322123257526	0.012721849516279271
G000757785	0.04221873035005935	0.06235231638967638	-0.0051005503892034825
G000758925	0.01264651078385853	-0.020783942004199977	-0.028787340749704717
G000762865	-0.013411303137189525	-0.05383540961504594	-0.0007800519886534646
G000763135	0.0642181748832179	-0.06620604019543089	-0.004384661882436879
G000763765	0.06706359136769223	-0.03322643119213064	0.027261786075477357
G000765235	0.000414447411854206	0.024395901822458974	-0.0025382104428008138
G000767175	-0.030059163849063313	-0.039813433120283154	-0.03878823052544013
G000768955	0.0006646889460700726	-0.033566804165763964	0.002132357607049328
G000775615	0.023600206381898556	0.025635289156648332	0.019500568470822117
G000777575	-0.1327072146666911	0.049738263820041095	-0.041815142061781004
G000777875	-0.1311961034021541	0.04978027738325024	-0.034813780269499196
G000778805	-0.12870293812052958	0.04355077094119231	-0.025100046265953035
G000779535	-0.12852743145773163	0.04408273105128439	-0.04629432919919847
G000781475	-0.13302688986556732	0.05050446214783202	-0.04306475592241211
G000784965	-0.03599676327374605	0.07436205655408684	-0.012022580875858552
G000785515	0.02803868331608768	-0.0018500893290678277	0.030448674685078524
G000800475	-0.007081138348443948	0.01777323321739115	0.024923375525092478
G000803105	0.026387143637385774	-0.032062802981060616	-0.02166395175358978
G000813025	0.04612899704784714	0.01621221159400736	0.015453285204302801
G000814825	0.0458866513880025	0.03780056636872283	-0.013707905827534178
G000818035	0.037425869401988346	0.036924596911345926	0.0007263513797053869
G000821265	0.01794702082898205	0.03315907062055257	-0.010111711807881214
G000832075	0.013127516001632126	-0.05876057271377191	-0.019949740695614393
G000834015	-0.054816512715087966	-0.03377998126685884	0.008543766234770758
G000944155	-0.022088119106272782	-0.0260561772047492	-0.0008177263494463124
G000944855	-0.13239119584107	0.050891116586718355	-0.06619393714217289
G000969835	0.015815378372199432	-0.02816017013695679	-0.009592645893798398
G000980235	0.01125154807791557	0.032937434309667904	0.00391221334560948
G000980375	0.020869275691517197	-0.042146484519177276	0.021748069028327825
G000980495	0.02583348713932868	-0.010379360062892954	0.027922680100519938
G000980515	0.09444980399406622	0.10254620588132717	-0.010292992560626756
G000980655	0.033540384190474615	-0.022024232972523285	0.0033878282419968404
G000982825	-0.060009505075969014	0.07693980142345488	0.007397701328359626
G001022135	-0.006243536374642619	0.09743829791489794	-0.011125584632767534
G001022195	-0.0006375682071016254	0.09884240339431304	-0.0263995654923987
G001025155	-0.01182890310053376	0.008008405648848266	-0.012227728307218638
G001025175	-0.026536962952044767	0.01137685481431607	-0.021627896104329504
G001042595	-0.008971437423445895	0.01633777514305896	0.0047702699615554045
G001042635	-0.02099698621786193	0.004229238334087868	-0.03273867371088915
G001042695	0.004494955123608786	0.007607103160436253	0.052308256212041125
G001045675	-0.048843093359577545	-0.02712117139768808	0.05790307901973828
G001049915	0.017941215726096867	-0.0022327746690907215	0.04596368105278033
G001066585	0.010804636155307296	0.061918626696428024	-0.013460147699362934
G001244495	0.00927508228534736	0.041673519983171696	-0.007764366772379011
G001244995	0.02597051883163389	0.012081893743489391	0.018836807594014546
G001262015	-0.04698550485397126	-0.0058494423949107185	0.028079870173410553
G001263395	-0.0018577228578521292	0.01126701169211565	0.046798993868387526
G001267865	0.004477091813552544	-0.0355411326012619	0.053282192024141015
G001275135	0.024449215127932557	-0.03223906732538044	-0.06816191722807295
G001280875	0.04172454299717011	0.04675538742693746	0.03156947597803972
G001283625	-0.131151044984962	0.04949450416101989	-0.06666232674530323
G001304875	-0.012239736948337215	0.005027307947118573	0.04267068767103212
G001305115	0.005606930766641716	0.0098087120928763	0.02772223589047104
G001305135	0.013215430911989571	0.06829473331507514	-0.054974782276646095
G001308145	0.08652585947041488	0.021332387342001716	-0.04733396287071867
G001312505	0.006874724661756247	0.03761922844387612	0.024227777543262753
G001314975	0.028473173436127378	-0.02144624877969193	-0.06844049596118292
G001314995	0.006982128838983812	-0.03216415063821456	-0.07814201658133216
G001318345	0.00023463082924701214	-0.015891095594419584	-0.05709112562259976
G001398415	-0.0676984613829154	-0.001334463537828258	-0.0066282468106422954
G001403595	0.046476627472420616	-0.037512134205282086	-0.0045877770137087584
G001404335	0.00616976928388567	0.025041495032668264	0.026910372911673905
G001404455	0.012978292127065702	0.0263922546652146	0.006619375617340406
G001404695	0.018912342411276307	0.034469791212738035	-0.03523910203678415
G001405375	0.02232328593098562	0.04729519636498136	-0.029956609661680105
G001405615	0.00048061397191431136	0.014846889687511588	0.014398954707975718
G001406335	0.001811643310606313	0.017785168205043524	0.018490161306192774
G001417815	-0.08026257641915609	-0.04154394857992799	-0.09877320901883796
G001436895	0.02736756826473485	0.10487083766309747	-0.04842133803372224
G001444445	-0.026106582677016047	-0.0388210907071175	0.03879923512544717
G001454945	0.019639025425661243	0.04283728886269063	0.010388749678427425
G001457795	0.006992057228458004	0.022173048869873382	0.03325354882025611
G001481375	-0.012365160450948359	0.014695413606207377	0.0031542112601179967
G001486665	0.0012274060139052057	-0.00039682711793420384	0.03637678613109386
G001487125	0.01860419035601769	-0.03062713272434907	0.019265276709419563
G001494635	0.029350485472309704	0.027058060613536054	0.01635647882731284
G001512635	-0.012840986551373654	-0.001427268103445628	0.06181423503438515
G001543405	-0.03144031936464629	-0.061107782973192	0.05430635791742582
G001552785	0.01105770159084716	0.03510819033215943	0.02902177006635666
G001553935	0.07191258836980845	0.062477817141415176	0.002515968071549371
G001558935	-0.023244782649832128	0.06124104732576514	-0.0071986753864813294
G001571285	-0.024161250934003696	0.07034111539828065	-0.009908228352427675
G001584645	-0.09729579034498623	0.011667004344372903	0.04379969362336442
G001586165	-0.023351123075492208	0.11419272081136309	0.0013588024846141245
G001683355	-0.050172665895666546	-0.06339223270747273	0.054316234559230014
G001688625	0.029556475584639315	0.04856622516793239	-0.1156592623156901
G001688965	-0.004389649257920911	0.022754773273217864	0.03914905784374964
G001689425	-0.06483601403672193	-0.03545715729845345	0.06283254363868673
G001689655	-0.002112412080825304	-0.03894001676609053	0.015048443664660021
G001701255	0.03973839392200682	-0.029671160626903455	-0.0034558563938725307
G001701295	0.01078831440768067	0.0031922075705439687	0.032405020464633574
G001719865	-0.0659970174571517	0.025132294594193916	0.02261326353033
G001854465	-0.0005071338978130077	-0.02574500885752923	0.0318591939413995
G001855385	-0.03988909774011752	0.012106894916813231	0.017044878097251488
G001884305	0.02876196506903619	0.10274198264784126	-0.04847949218353271
G001899425	0.023838354958047047	-0.01972231719181814	0.036650584772172784
G001908775	0.020552055282305096	-0.019093973865193712	0.003325274475099112
G001915415	0.020876264685894427	-0.0470071260547592	-0.004459757470468267
G001915435	0.03363127385758303	-0.052081884629602726	-0.03943603334141655
G001915455	0.018298613347249297	-0.04625399079382448	-0.07381266570468635
G001915495	0.011795478412630496	-0.021596853161329182	-0.07406130804799119
G001915575	0.005848282917768273	-0.027784116604172463	-0.020180462863380804
G001915615	0.008974226383476535	-0.0568404493432235	-0.013667018600002525
G001915655	0.007238911468953663	-0.024594030162104076	-0.016840076007602543
G001916495	0.03605072007109495	-0.022429837465536086	0.02674791409654047
G001916615	0.030619332574855995	-0.015984064626847372	0.02488587207304955
G001916865	-0.014408978776882266	-0.007845513855785137	0.01204057160215662
G001917125	0.03651072213266616	-0.023707617898395303	0.0030688891605999825
G001917135	0.05416803014628815	-0.016059310430918898	0.012552194274582307
G001940855	0.03072967161251872	0.007597888161136073	0.020534467228500948
G001940945	0.06293869437383003	0.11019415671475347	-0.00926194446288149
G001941055	-0.02615093517643351	-0.014060782257167344	-0.007913064856875101
G001941065	0.0023236158218808973	-0.049392292204182696	0.03363519460183704
G001941125	0.04415309434058796	-0.04078199336949692	0.023382549261264273
G001941225	0.045160262775182994	-0.028312626017843245	0.024943919517598206
G002032965	-0.08752461720609925	0.03253445722945412	0.010985693878416875
G002159555	0.02458353740133227	-0.020671151373965062	0.011821553875686374
G002159625	0.03982393834114013	0.026861234969802028	-0.03390599895081678
G002159645	0.008908362380212372	-0.040301785035728635	-0.0002998662999730725
G002159835	0.035330092630207005	0.01725546416766788	0.010044842525222189
G002160015	0.01802914610342632	0.003462410780747233	0.047233452937131444
G002160025	-0.004961767946425057	0.014923129100141489	0.02424749779693875
G002160065	0.027612915385073954	0.036190477311138836	-0.00485689436661139
G002160525	0.011635270269795125	0.029849787381729782	0.03453008753503418
G002160755	-0.02252940149452427	0.021914865859326053	0.02486988321782787
G002160895	-0.05270173323011673	-0.011789811267306102	0.0022989463928571683
G002160955	-0.013301241506584424	-0.00018974634294233316	0.03951238996654888
G002161065	0.029940144128866593	0.027720212878881326	-0.005494284445367805
G002161285	0.017673259931784594	0.031887469605017295	0.018751826016325832
G002251205	-0.03364792301289679	-0.07266512406852142	-0.017161992284787923
G002251365	0.007870547471172345	-0.04790717674176537	-0.010348953421055948
G002251435	-0.02187093883814766	-0.02553346846679046	-0.0017307400823112422
G002259605	-0.006975864621756219	0.011948723335008666	0.024577505514877272
G002259685	0.009238454076067625	0.023722455144761935	-0.03232601929300639
G003014445	-0.0022451130436348683	0.03708577521981105	0.008420892144860274
G003072045	-0.0851261313693408	0.03177077494491808	-0.0009751878964267661
G003148945	-0.015884124942995452	0.005660078625838219	0.01617462301574396
G003150645	0.008113524566674954	-0.0003820221526061581	0.013847235600673325
G003265305	0.018719135495520046	-0.024735026839201275	0.031233819918333714
G003315635	0.015130068520304059	0.019470960844910092	0.03039447075608097
G003324125	-0.03532162783726688	0.025395017603502622	-0.011295508305528912
G003340315	-0.0020794486214123133	0.04274577615230608	0.014307002084544999
G003343915	-0.011963324708467525	-0.01619310866455561	0.051347174639632356
G003432035	-0.01569842918397527	0.005715328470262934	0.010364471157796594
G003434045	-0.0026774505526431943	0.037213040999843953	0.024817553933336397
G003435055	-0.011913031801104144	0.021998954016961402	0.031050697986024275
G003435925	0.04513573490188539	0.031557322517908874	0.02971429056441578
G003438995	0.028402720706528037	-0.03660974562608033	-0.008063819886129447
G003457795	0.038240000544934045	0.022491368182452242	0.04205128493011486
G003458885	0.016161488806418146	0.02716571031613035	0.030275989234940834
G003461285	0.0026517043877513375	0.011394825466356595	0.029469235037894812
G003467125	-0.06914392641213042	-0.0027362605635800085	0.04860709189384408
G003467845	-0.007734177577042913	-0.008269754670660686	0.00644089265984945
G003477885	0.006804512598506935	0.019470398932626518	0.038053318233892554
G003478165	-0.009769526564171217	0.009073336313208766	0.01901094910613367
G003478285	-0.007367723285786715	0.0060347924985950105	0.01233318958178311
G003478355	-0.0009475477634683158	0.011959263617605494	-0.031374854650702236
G003479825	0.027262544902239238	-0.030494484195476033	-0.07641339413662039
G003479885	0.007954178246530687	0.013531390764323041	0.029047962218869232
G003481355	0.013813379969837	0.04551538458813313	0.04112765414455664
G003481825	-7.6550194526056e-05	0.012286903231984333	0.009777413857846206
G003481995	0.040728715238692675	0.019435986244489157	0.013623011919051678
G003490145	-0.004107251962743415	0.009609409474780138	0.01729766073437448
G003611805	0.018092477987526293	0.035719244456000616	0.030325531503207537
G003762615	0.014605959814911185	-0.017704274000319306	0.013643449606931419
G003762715	0.027097873007305075	-0.014813120953768244	0.010000515419500094
G003762745	0.01675452418890356	-0.02674578364406939	-0.013698375023976089
G003762875	0.03623744143185083	-0.009692882689012482	0.01165003827552903
G004102775	0.008201341936724225	-0.007830741809235276	-0.011433168591895183
G004102785	0.02202423509073216	-0.018161739929781866	-0.040679503804492874
G004102805	0.006347151684237791	-0.023302645768614547	-0.011051400130900405
G004115465	0.01389113981771149	-0.024164505228775057	-0.012448206732253194
G004127505	-0.07037481082265049	0.0538031829755787	0.015161669361254645
G004341685	-0.035119948265778266	-0.06097289996148119	0.06322602187627853
G004552135	-0.028711540149311845	-0.018084572684529523	0.015696689469551404
G004552795	0.016566994893220426	-0.004535342085220569	0.009202211056843792
G004553245	-0.01364248806436406	-0.021582293369564735	-0.0037917713820343883
G004553345	-0.06914131208081435	-0.05805018566999867	0.021993614357049027
G004553635	-0.009381667941337369	-0.02970981891156318	-0.02618977250039968
G004555055	-0.017541689774471174	-0.012743392424452497	0.0065197934577618764
G004555765	-0.006216879491257904	-0.042580832098860724	0.03919548689135505
G004556045	-0.04227334007636307	0.019601691261425483	0.027794589717151593
G004556245	0.04492385673530709	-0.024608229596557018	0.03808131789512913
G004556445	-0.0023146902708140052	-0.033483240999257625	0.02573460469344547
G004556705	0.020331822791335354	-0.004085701019043304	0.012818244119593508
G004557065	0.02573802269681856	0.016444172466141764	0.02520390553236026
G004557245	0.031085650835256814	0.000584590385882849	0.03527841669408909
G004557415	0.010283885939228046	-0.030862743277110777	-0.032977722400378925
G004557545	0.016626458732583588	-0.009054376763654212	0.022345394094181445
G004557565	0.04408663668185655	-0.011183248282891082	0.026954994557553975
G004557655	-0.08031271047600186	0.007953296444544983	0.02007128682607125
G004558425	0.04449671479819671	0.013603249019179363	-0.03008354264224186
G004558535	0.008085421524657155	-0.0076866384802228	0.025387110829579052
G004561075	0.019598400889940068	-0.007331842484036257	0.021512195311031497
G004561445	-0.04843071519035754	-0.05230207056753788	0.011564624860972511
G004561455	-0.05849620180881255	-0.05149021483563219	-0.002409039090449625
G004562255	-0.013547686191112423	-0.05267171507491879	0.02608676698897173
G004562975	0.007478577390880679	-0.017408522163823683	-0.0016225155461540735
G004563195	-0.051848437380267946	-0.015980843530983183	-0.01855815764090356
G004563615	0.02104567228863147	0.020384770889856095	-0.024439451890140178
G004792655	0.0046148321779495	-0.025638947265655413	-0.03654367149671793
G004792675	0.025927779154170546	0.025154313730554434	0.03064423193465358
G004793665	-0.0049428684931644975	0.029888373745932395	0.012343425843118943
G004803695	0.014071415599566914	-0.033505306797465544	-0.00549951314084394
G004803915	0.031876828339876824	-0.008000996738718208	0.007310177605380713
G005048345	-0.0016887684247315342	0.03017168788953439	0.021785536080486858
G007293315	-0.0514967999038126	0.009675894149429421	0.012542933666316106
G007559425	0.021897211671483657	-0.04851945683471856	-0.014267610473284663
G007581405	0.01667420547253887	0.012365800664435999	0.008416013739165114
G007896885	0.04002463160270227	-0.025284190184453364	0.016290741860085937
G007998125	-0.13140878257312255	0.05133749144063887	-0.06627883832146649
G008040105	0.014177654856172537	-0.020824758488424935	0.0345055193239732
G008273775	-0.13380352956815952	0.04861787635796823	-0.07068958363921894
G008667375	0.022844028121854366	0.03919726616304243	0.0006397162415967036
G008679325	0.010558761461232106	-0.03951016353760053	-0.022173857149544274
G008698165	-0.06170789783808262	-0.0305782001819509	-0.032608074096060986
G009695875	0.003015047783260891	0.009112475825729244	0.03394043403604484
G009696045	0.001962589995155716	0.008006789698758055	-0.0007118993863299063
G009696485	0.0019188802548749718	0.02059705374871624	0.03825441044528817
G009696565	0.00912405560366185	-0.04085467099879421	-0.002653020299939538
G009774765	0.03934191323083368	-0.002396285024214792	0.03252771375540333
G009774865	0.00014005916554082974	-0.047297902274000915	-0.03528170613194707
G009831105	-0.015676662671670526	-0.001745356045663653	0.01879459110380472
G009929575	0.023689711063253984	-0.014043257617650708	-0.026245103505959173
G009930375	-0.01799361915738953	-0.026307874904880655	0.0501992083390733
G009937725	0.04318104895157212	0.009589062390071377	0.009675757914870792
G010367435	-0.018641398017805472	-0.041507189588317284	0.049894438607755276
G010500965	0.03621250827729411	-0.03148053565299787	0.02867620129964284
G010537155	-0.0048132956537354325	0.0023685589887337336	0.011315756094193581
G010592515	-0.07478157019650922	0.10899989873505103	-0.03542037574859566
G010667615	-0.015517019664801554	0.008955772757858626	0.009516301253962006
G011959405	0.026159207472526837	-0.025786429274786155	-0.01273724066751884
G011959465	0.010291596007850417	-0.00022467611391030826	0.03135681681791375
G011959565	0.015432320320870748	-0.007231730766465037	0.036307638516963295
G011960185	0.014803478762334024	-0.024211648583003738	-0.03161581191179864
G012102505	-0.11559456704811884	0.021824392610466096	-0.0007655956258987402
G012161415	-0.1318331770940408	0.04983539905215009	-0.030888304844322825
G012357415	-0.13418406272769018	0.05197433029487413	-0.06138028970116343
G012932365	-0.018953813693682216	-0.0031686962968630094	-0.03677498524320052
G900021155	0.022626786589423242	-0.01906877429162307	-0.026336236344631336
G900046475	0.014518561071867329	0.04314908643717866	-0.02212941033694926
G900066095	-0.003027888577499567	0.032578083353232284	0.01659451699103883
G900066135	0.019558340047376884	0.024712669302604576	-0.008986188477691767
G900066255	0.06825099051270013	0.01722804066436996	0.03202989708530993
G900066445	0.034484644623841966	-0.0178596786930037	-0.05023557029421254
G900066505	0.007988349602744159	0.02457073759487038	0.002908611040589075
G900066525	0.009509970646659269	0.023251408543020387	-0.025160256423650683
G900066545	0.02113952688294098	0.010637509173844793	0.036454349742484835
G900066655	0.014323999586472791	-0.04454929155194948	-0.07885412458764972
G900066885	0.006395119120621582	0.007681018786194465	0.04206690081721932
G900079775	-0.016371576761161494	-0.041405306607888756	-0.06607706853308173
G900086585	-0.021934775752506873	-0.01776048771574753	-0.021882048897441164
G900091655	0.01698750532818915	-0.026587031410449824	-0.04851456891698255
G900091675	0.004477296253476335	-0.015576554601556212	0.019000647521020392
G900094885	0.0038801898284465154	0.017614534617577924	0.04452292384917885
G900095865	0.01836427523706392	0.034117215633008145	0.019000030322957173
G900101655	0.025380173615280777	0.06644747877926718	0.01260820496862938
G900103315	0.04486986271471877	-0.03400577416276507	0.032992818028768446
G900103425	-0.09196393748420428	-0.03992246866667053	0.014493530421668862
G900103535	-0.061210279285374994	-0.013941712425570803	0.052662724139823446
G900104585	0.03635242687517765	-0.031215930451419568	0.032734481460716204
G900104605	0.037739630604594926	0.019351081956239247	0.03526143426497284
G900104615	0.0028450154115301396	-0.0319987686955526	0.02100834513355561
G900104675	-0.001983868599057703	0.01637730793491564	0.015413293426699632
G900106785	-0.022433266406541388	-0.022182387384165888	-0.0667243186884701
G900106855	-0.015483318583681733	0.023292164653182533	0.030896469493120353
G900108345	0.01939110667303906	-0.021187423375331756	-0.0817987239118608
G900113155	0.008098995469978621	0.028650680519393307	0.027574026295649832
G900116045	-0.08554922267451948	-0.016458159912043715	0.001022530419694671
G900119895	0.02198207633570981	0.029979851473019046	-0.033208981454803
G900120005	0.030187622735441504	0.00967142436800982	0.03427112811677079
G900128475	5.6694026622526486e-05	-0.0406592842759455	-0.09573497941711107
G900128485	-0.02301259129069729	-0.018018223834630837	-0.03814813762490448
G900128905	0.033931999764352225	-0.021999524274800317	0.02817615136632094
G900142165	0.010983304865578171	-0.018868328737670054	0.028771246710795808
G900142265	-0.03431030185750419	0.010437286913241325	2.6921684061106464e-05
G900142485	0.01938830256371156	-0.022297510994821586	0.027594970988739073
G900143685	-0.01223564335079875	0.007645844097356582	-0.022757952682163744
G900148495	0.003559675051635852	0.020846674473526675	0.00046761511724820984
G900155635	0.028056512795742	0.030272713267910957	0.022564832868975544
G900167275	0.0005039872040525492	-0.03545890056346276	0.042615991816151354
G900169495	-6.453641819313758e-05	0.010171152825658553	0.03530825872421663
G900169975	0.03401092669541603	0.048693899471461514	-0.011756818175418491
G900176655	0.004078054301936405	0.02579679896829807	-0.02550950823143666
G900199495	0.00566873621787091	0.04779026351257867	0.004727608106731783
G900227605	-0.12185570726001053	0.046937270774156374	-0.022745836900120383
G900240225	0.012434388236942127	-0.022703400820922714	-0.025385777642137224
G900291465	0.016086992027054235	-0.04428798936784899	-0.037173104067412865
G900292045	0.03593343729375477	-0.028905784184616347	0.02872868110685398
G900312975	-0.022300014277324847	0.027676843751615075	0.023457264963042672
G900316315	-0.0028087150850172925	-0.04686689913038796	0.0439851840181829
G900445225	0.04225564263868709	-0.0792622337018809	0.03706588682535062
G900538745	0.024291754704290968	-0.01403616457453354	0.0013367033004443507
G900538765	0.007203038991536489	-0.03547867855252146	0.03222149067694801
G900539795	-0.04925025529845539	-0.026034732210750852	-0.017386870207617658
G900539925	0.054639056623859844	0.03543364835384932	0.04217149505933983
G900540205	0.012781935126197122	-0.045151274357482056	0.035315940602227695
G900540535	0.021260070713656584	-0.05903585812415713	0.027985433421276327
G900541935	-0.017142870971094182	-0.0579397785817723	-0.014761527625474478
G900542815	-0.0003062440943100541	-0.02654402389621615	0.0356023883241349
G900543375	0.040122187761975396	-0.045513050335859485	-0.008648212291251255
G900544565	0.04521768732766371	0.005964521848473021	0.011640490432900965
G900544945	0.0188899245161211	-0.030791316818336745	0.028819063397473366
G900545025	-0.029053414586800462	-0.025351460476007417	0.009292840934036284
G900545585	-0.004847960910973892	0.041179143139891475	0.029595316712871203
G900548875	0.022394203863888604	-0.030364480471298926	-0.029304272968576232
G900551515	0.007996853403062613	-0.037104915064778726	-0.0030384818572737815
G900552255	0.037066829526446084	-0.015518054211789745	0.0348602885796276
G900552655	-0.024403243472943207	-0.0020122950425614772	0.032127897301311124
G900552765	0.044198264462600646	-0.031877624421525835	0.038741569103328446
G900553625	0.053527356383818676	-0.039796297913113614	0.01769646725810522
G900604335	-0.03934346572929678	0.014360125666825088	0.037201524300827946
G900604355	0.012927043142894513	-0.03039757122157633	-0.0013769433185035005
G900606105	0.003506529187205719	0.016107398973595848	-0.03451296596566932
G900683765	-0.020124458349443416	-0.012020964953764892	0.015351957431914193
G901212675	-0.041589378108740145	0.0027245868593227967	-0.00959339028722122
G902160675	-0.015726175303511683	0.09850160695375615	-0.02761458255041204
G902167945	0.0005902684882885377	0.010168764751217713	0.0071273797639308375
G902167965	-0.004872147301152113	0.034543006184993154	0.002529180442973584
G902363025	-0.0039658226346937	0.009785422619702357	-0.029340466339887045
G902363055	0.03745604241848974	0.013461280704061402	0.013130815455156979
G902363075	0.00396781923295932	0.01397486666000213	-0.009412339240512727
G902363425	0.020982507697278385	-0.018676645677613575	-0.0011398185868857174
G902363555	0.0020740042208547593	0.01154791475353294	0.01336932382964794
G902363565	-0.003812736435569045	0.016356974714371617	-0.005558647967237837
G902363595	0.005936401701051041	-0.016190443541615432	0.02957947306927907
G902363685	0.016489414155710206	0.033021759405399004	0.011121719060714469
G902363725	0.0010064201903597844	0.018368968739819747	0.02132732981808148
G902364485	0.007777543497573304	0.03025816290283259	0.005217888330720321
G902385285	-0.008391675296812139	-0.03557774054432918	-0.06388634949747392
G902387315	0.014115318626732216	0.10717230112548488	-0.029507158696017877
G902501965	0.0062252184247862455	0.0276352061084755	-0.03448762760429987
G902762555	0.035126141108184086	-0.016877107096055572	0.029458626867483156
G902777695	-0.005644055913010858	-0.028863131874324783	0.039279656383077476

Site	10	3
14577.MA.TP11	0.04269124706184646	0.7793324438969356	0.040115372206718715
14577.MA.TP1	-0.5575787302196763	0.06006611179131047	0.06764767529323065
14577.MA.TP8	-0.11300413246194864	-0.1648583023060471	-0.45560078522057385
14577.MA.TP9	0.38545855147760294	-0.05645314228679475	0.10427424308802215
14577.MA.TP6	0.26731169385182946	0.08281942425934655	0.5706428016171166
14577.MA.TP10	0.09960128833575177	0.2853228745733428	-0.39131234399304915
14577.MA.TP4	0.23209476096856724	-0.3321865315437244	0.16163125133354267
14577.MA.TP5	0.3148944344983271	-0.3147116470178357	-0.17587316622530208
14577.MA.TP3	-0.153941595238688	-0.12822027575776865	-0.3046197669810963
14577.MA.TP2	-0.5175275182736114	-0.21111095560876492	0.3830947188813904

Biplot	0	0

Site constraints	0	0
